0.031643	0.980519	0.061307	
0.027242	0.984848	0.053018	
0.031643	0.993421	0.061332	
0.028500	0.985507	0.055397	
0.034367	0.987952	0.066424	
0.028709	0.992754	0.055804	
0.026194	0.984252	0.051031	
0.028709	0.992754	0.055804	
0.027033	1.000000	0.052642	
0.029128	0.985816	0.056585	
0.025566	0.991870	0.049847	
0.028290	0.992647	0.055012	
0.028919	0.985714	0.056189	
0.032691	0.993631	0.063299	
0.027033	0.977273	0.052610	
0.031224	1.000000	0.060557	
0.029966	0.993056	0.058177	
0.026823	0.984615	0.052224	
0.029966	1.000000	0.058189	
0.029966	0.993056	0.058177	
1.000000	0.886667	0.939929	
1.000000	0.892617	0.943262	
1.000000	0.882743	0.937720	
1.000000	0.913043	0.954545	
1.000000	0.888641	0.941038	
1.000000	0.906818	0.951132	
1.000000	0.896629	0.945498	
1.000000	0.913043	0.954545	
1.000000	0.890625	0.942149	
1.000000	0.906818	0.951132	
1.000000	0.904762	0.950000	
1.000000	0.910959	0.953405	
1.000000	0.875000	0.933333	
1.000000	0.904762	0.950000	
1.000000	0.882743	0.937720	
1.000000	0.902715	0.948870	
1.000000	0.884701	0.938824	
1.000000	0.884701	0.938824	
1.000000	0.908884	0.952267	
1.000000	0.908884	0.952267	
0.834008	0.895652	0.863732	
0.834683	0.892496	0.862622	
0.840081	0.879859	0.859510	
0.823887	0.872143	0.847328	
0.827935	0.879570	0.852972	
0.836707	0.886981	0.861111	
0.842780	0.882686	0.862271	
0.839406	0.879152	0.858819	
0.829285	0.881636	0.854659	
0.829285	0.862456	0.845545	
0.832659	0.883321	0.857242	
0.833333	0.871560	0.852018	
0.835358	0.871217	0.852911	
0.829960	0.876068	0.852391	
0.825911	0.868701	0.846766	
0.823887	0.880952	0.851464	
0.823887	0.883502	0.852654	
0.826586	0.873129	0.849220	
0.825236	0.875447	0.849601	
0.840756	0.872549	0.856357	
0.961039	0.906122	0.932773	
0.956710	0.952586	0.954644	
0.965368	0.957082	0.961207	
0.961039	0.952790	0.956897	
0.961039	0.940678	0.950749	
0.961039	0.944681	0.952790	
0.961039	0.952790	0.956897	
0.965368	0.948936	0.957082	
0.956710	0.956710	0.956710	
0.961039	0.944681	0.952790	
0.961039	0.961039	0.961039	
0.969697	0.941176	0.955224	
0.965368	0.961207	0.963283	
0.974026	0.953390	0.963597	
0.965368	0.952991	0.959140	
0.961039	0.965217	0.963124	
0.961039	0.948718	0.954839	
0.961039	0.956897	0.958963	
0.956710	0.952586	0.954644	
0.956710	0.948498	0.952586	
0.969466	0.923636	0.945996	
0.961832	0.933333	0.947368	
0.969466	0.937269	0.953096	
0.969466	0.933824	0.951311	
0.965649	0.940520	0.952919	
0.961832	0.929889	0.945591	
0.961832	0.936803	0.949153	
0.973282	0.917266	0.944444	
0.961832	0.929889	0.945591	
0.965649	0.933579	0.949343	
0.961832	0.933333	0.947368	
0.961832	0.929889	0.945591	
0.965649	0.913357	0.938776	
0.950382	0.932584	0.941399	
0.961832	0.936803	0.949153	
0.965649	0.951128	0.958333	
0.969466	0.923636	0.945996	
0.950382	0.929104	0.939623	
0.958015	0.926199	0.941839	
0.958015	0.929630	0.943609	
1.000000	0.824053	0.903541	
1.000000	0.839002	0.912454	
1.000000	0.848624	0.918114	
1.000000	0.839002	0.912454	
1.000000	0.792291	0.884110	
1.000000	0.906863	0.951157	
1.000000	0.862471	0.926158	
1.000000	0.866511	0.928482	
1.000000	0.852535	0.920398	
1.000000	0.889423	0.941476	
1.000000	0.848624	0.918114	
1.000000	0.824053	0.903541	
1.000000	0.862471	0.926158	
1.000000	0.829596	0.906863	
1.000000	0.831461	0.907975	
1.000000	0.800866	0.889423	
1.000000	0.840909	0.913580	
1.000000	0.850575	0.919255	
1.000000	0.825893	0.904645	
1.000000	0.835214	0.910209	
0.997326	0.752016	0.857471	
0.997326	0.785263	0.878681	
0.997326	0.758130	0.861432	
1.000000	0.792373	0.884161	
1.000000	0.784067	0.878966	
0.997326	0.800429	0.888095	
1.000000	0.790698	0.883117	
0.997326	0.747495	0.854525	
0.997326	0.793617	0.883886	
1.000000	0.813043	0.896882	
0.997326	0.756592	0.860438	
0.997326	0.724272	0.839145	
0.997326	0.762781	0.864426	
0.997326	0.758130	0.861432	
0.997326	0.802151	0.889154	
1.000000	0.737673	0.849035	
0.997326	0.737154	0.847727	
0.997326	0.770661	0.869464	
1.000000	0.767967	0.868757	
1.000000	0.827434	0.905569	
0.967347	0.967347	0.967347	
0.967347	0.967347	0.967347	
0.967347	0.975309	0.971311	
0.963265	0.971193	0.967213	
0.963265	0.967213	0.965235	
0.951020	0.970833	0.960825	
0.963265	0.975207	0.969199	
0.959184	0.975104	0.967078	
0.975510	0.959839	0.967611	
0.971429	0.955823	0.963563	
0.967347	0.967347	0.967347	
0.967347	0.963415	0.965377	
0.971429	0.959677	0.965517	
0.963265	0.971193	0.967213	
0.959184	0.967078	0.963115	
0.967347	0.975309	0.971311	
0.967347	0.975309	0.971311	
0.967347	0.967347	0.967347	
0.975510	0.967611	0.971545	
0.959184	0.967078	0.963115	
0.988258	0.864726	0.922374	
0.992172	0.849246	0.915162	
0.990215	0.844741	0.911712	
0.994129	0.839669	0.910394	
0.994129	0.853782	0.918626	
0.988258	0.833333	0.904208	
0.990215	0.840532	0.909254	
0.990215	0.851852	0.915837	
0.988258	0.848739	0.913201	
0.990215	0.841930	0.910072	
0.988258	0.829228	0.901786	
0.990215	0.853288	0.916667	
0.992172	0.838017	0.908602	
0.994129	0.836903	0.908766	
0.990215	0.862010	0.921676	
0.988258	0.844482	0.910730	
0.990215	0.857627	0.919164	
0.990215	0.830870	0.903571	
0.990215	0.843333	0.910891	
0.990215	0.851852	0.915837	
0.959839	0.940945	0.950298	
0.955823	0.940711	0.948207	
0.955823	0.944444	0.950100	
0.951807	0.948000	0.949900	
0.959839	0.933594	0.946535	
0.967871	0.945098	0.956349	
0.967871	0.934109	0.950690	
0.951807	0.959514	0.955645	
0.955823	0.940711	0.948207	
0.963855	0.956175	0.960000	
0.963855	0.952381	0.958084	
0.963855	0.948617	0.956175	
0.967871	0.937743	0.952569	
0.955823	0.952000	0.953908	
0.971888	0.937984	0.954635	
0.959839	0.940945	0.950298	
0.959839	0.937255	0.948413	
0.939759	0.947368	0.943548	
0.963855	0.948617	0.956175	
0.963855	0.944882	0.954274	
1.000000	0.904437	0.949821	
1.000000	0.901361	0.948122	
1.000000	0.913793	0.954955	
1.000000	0.916955	0.956679	
1.000000	0.923345	0.960145	
1.000000	0.874587	0.933099	
1.000000	0.886288	0.939716	
1.000000	0.913793	0.954955	
1.000000	0.898305	0.946429	
1.000000	0.916955	0.956679	
1.000000	0.929825	0.963636	
1.000000	0.910653	0.953237	
1.000000	0.920139	0.958409	
1.000000	0.895270	0.944742	
1.000000	0.895270	0.944742	
1.000000	0.895270	0.944742	
1.000000	0.892256	0.943060	
1.000000	0.910653	0.953237	
1.000000	0.892256	0.943060	
1.000000	0.936396	0.967153	
0.988345	0.907923	0.946429	
0.988345	0.888889	0.935982	
0.988345	0.904051	0.944321	
0.988345	0.905983	0.945373	
0.986014	0.890526	0.935841	
0.988345	0.900212	0.942222	
0.988345	0.898305	0.941176	
0.988345	0.892632	0.938053	
0.988345	0.888889	0.935982	
0.986014	0.894292	0.937916	
0.986014	0.907725	0.945251	
0.988345	0.898305	0.941176	
0.988345	0.888889	0.935982	
0.988345	0.892632	0.938053	
0.988345	0.888889	0.935982	
0.986014	0.894292	0.937916	
0.988345	0.887029	0.934950	
0.986014	0.898089	0.940000	
0.986014	0.903846	0.943144	
0.986014	0.901919	0.942094	
0.262857	0.575000	0.360784	
0.217143	0.513514	0.305221	
0.211429	0.506849	0.298387	
0.222857	0.487500	0.305882	
0.234286	0.539474	0.326693	
0.222857	0.534247	0.314516	
0.177143	0.449275	0.254098	
0.200000	0.507246	0.286885	
0.194286	0.492754	0.278689	
0.217143	0.535211	0.308943	
0.182857	0.457143	0.261224	
0.217143	0.500000	0.302789	
0.200000	0.437500	0.274510	
0.177143	0.442857	0.253061	
0.200000	0.522388	0.289256	
0.177143	0.442857	0.253061	
0.222857	0.527027	0.313253	
0.205714	0.455696	0.283465	
0.171429	0.461538	0.250000	
0.188571	0.485294	0.271605	
NaN	0.000000	NaN	
NaN	0.000000	NaN	
NaN	0.000000	NaN	
NaN	0.000000	NaN	
NaN	0.000000	NaN	
NaN	0.000000	NaN	
NaN	0.000000	NaN	
NaN	0.000000	NaN	
NaN	0.000000	NaN	
NaN	0.000000	NaN	
NaN	0.000000	NaN	
NaN	0.000000	NaN	
NaN	0.000000	NaN	
NaN	0.000000	NaN	
NaN	0.000000	NaN	
NaN	0.000000	NaN	
NaN	0.000000	NaN	
NaN	0.000000	NaN	
NaN	0.000000	NaN	
NaN	0.000000	NaN	
NaN	0.000000	NaN	
NaN	0.000000	NaN	
NaN	0.000000	NaN	
NaN	0.000000	NaN	
NaN	0.000000	NaN	
NaN	0.000000	NaN	
NaN	0.000000	NaN	
NaN	0.000000	NaN	
NaN	0.000000	NaN	
NaN	0.000000	NaN	
NaN	0.000000	NaN	
NaN	0.000000	NaN	
NaN	0.000000	NaN	
NaN	0.000000	NaN	
NaN	0.000000	NaN	
NaN	0.000000	NaN	
NaN	0.000000	NaN	
NaN	0.000000	NaN	
NaN	0.000000	NaN	
NaN	0.000000	NaN	
0.177754	0.986683	0.301238	
0.194766	0.993326	0.325675	
0.194111	0.982340	0.324167	
0.171210	0.989912	0.291930	
0.191494	0.992090	0.321024	
0.173173	0.993742	0.294948	
0.184515	0.994125	0.311258	
0.187350	0.994213	0.315287	
0.191058	0.992072	0.320410	
0.192366	0.991011	0.322192	
0.177754	0.996333	0.301684	
0.183860	0.991765	0.310212	
0.203490	0.991498	0.337676	
0.179498	0.995163	0.304139	
0.179280	0.995157	0.303826	
0.186914	0.989607	0.314438	
0.178844	0.989144	0.302918	
0.183206	0.996441	0.309506	
0.185823	0.989547	0.312890	
0.185605	0.989535	0.312580	
0.879173	0.958406	0.917081	
0.901431	0.935644	0.918219	
0.874404	0.971731	0.920502	
0.885533	0.972077	0.926789	
0.879173	0.955095	0.915563	
0.880763	0.963478	0.920266	
0.885533	0.968696	0.925249	
0.885533	0.962003	0.922185	
0.899841	0.956081	0.927109	
0.883943	0.960276	0.920530	
0.879173	0.961739	0.918605	
0.887122	0.953846	0.919275	
0.898251	0.960884	0.928513	
0.871224	0.976827	0.921008	
0.888712	0.958834	0.922442	
0.887122	0.963731	0.923841	
0.895072	0.965695	0.929043	
0.882353	0.953608	0.916598	
0.895072	0.957483	0.925226	
0.888712	0.955556	0.920923	
0.932773	0.921162	0.926931	
0.928571	0.936441	0.932489	
0.936975	0.933054	0.935010	
0.920168	0.939914	0.929936	
0.936975	0.957082	0.946921	
0.941176	0.941176	0.941176	
0.928571	0.944444	0.936441	
0.941176	0.953191	0.947146	
0.932773	0.936709	0.934737	
0.936975	0.944915	0.940928	
0.928571	0.917012	0.922756	
0.932773	0.944681	0.938689	
0.932773	0.921162	0.926931	
0.936975	0.961207	0.948936	
0.936975	0.929167	0.933054	
0.932773	0.936709	0.934737	
0.936975	0.948936	0.942918	
0.932773	0.940678	0.936709	
0.928571	0.936441	0.932489	
0.928571	0.936441	0.932489	
0.977064	0.955157	0.965986	
0.972477	0.963636	0.968037	
0.981651	0.951111	0.966140	
0.981651	0.951111	0.966140	
0.981651	0.955357	0.968326	
0.977064	0.938326	0.957303	
0.981651	0.946903	0.963964	
0.981651	0.955357	0.968326	
0.977064	0.963801	0.970387	
0.972477	0.959276	0.965831	
0.977064	0.955157	0.965986	
0.981651	0.951111	0.966140	
0.972477	0.950673	0.961451	
0.977064	0.955157	0.965986	
0.981651	0.955357	0.968326	
0.977064	0.959459	0.968182	
0.981651	0.951111	0.966140	
0.981651	0.959641	0.970522	
0.977064	0.955157	0.965986	
0.981651	0.951111	0.966140	
1.000000	0.669173	0.801802	
1.000000	0.674242	0.805430	
1.000000	0.684615	0.812785	
1.000000	0.679389	0.809091	
0.988764	0.698413	0.818605	
1.000000	0.700787	0.824074	
1.000000	0.689922	0.816514	
0.988764	0.676923	0.803653	
1.000000	0.695312	0.820276	
1.000000	0.689922	0.816514	
0.988764	0.698413	0.818605	
1.000000	0.684615	0.812785	
1.000000	0.684615	0.812785	
1.000000	0.674242	0.805430	
1.000000	0.695312	0.820276	
1.000000	0.679389	0.809091	
1.000000	0.689922	0.816514	
1.000000	0.679389	0.809091	
1.000000	0.695312	0.820276	
1.000000	0.700787	0.824074	
NaN	0.792566	NaN	
