0.645186	0.996403	0.783223	
0.656056	0.996462	0.791199	
0.651398	0.996437	0.787793	
0.647516	0.996416	0.784941	
0.650621	0.996433	0.787224	
0.645963	0.996407	0.783797	
0.647516	0.996416	0.784941	
0.651398	0.996437	0.787793	
0.654503	0.996454	0.790066	
0.645186	0.996403	0.783223	
0.649068	0.996424	0.786084	
0.646739	0.996411	0.784369	
0.642081	0.996386	0.780925	
0.642857	0.996390	0.781501	
0.648292	0.996420	0.785513	
0.645963	0.996407	0.783797	
0.652174	0.996441	0.788362	
0.656832	0.996466	0.791764	
0.636646	0.996355	0.776883	
0.647516	0.996416	0.784941	
0.665877	0.962329	0.787115	
0.661137	0.967071	0.785362	
0.656398	0.953528	0.777544	
0.658768	0.966957	0.783650	
0.658768	0.966957	0.783650	
0.659953	0.965338	0.783955	
0.664692	0.970588	0.789030	
0.664692	0.957338	0.784615	
0.663507	0.965517	0.786517	
0.671801	0.959391	0.790244	
0.667062	0.965695	0.789068	
0.664692	0.962264	0.786265	
0.661137	0.967071	0.785362	
0.659953	0.963668	0.783404	
0.663507	0.965517	0.786517	
0.659953	0.963668	0.783404	
0.657583	0.975395	0.785563	
0.662322	0.965458	0.785664	
0.662322	0.965458	0.785664	
0.655213	0.958406	0.778325	
0.983544	0.996154	0.989809	
0.982278	0.992327	0.987277	
0.983544	0.992337	0.987921	
0.984810	0.993614	0.989193	
0.982278	0.993598	0.987906	
0.979747	0.994859	0.987245	
0.982278	0.992327	0.987277	
0.981013	0.996144	0.988520	
0.982278	0.996149	0.989165	
0.983544	0.994878	0.989179	
0.986076	0.994891	0.990464	
0.983544	0.993606	0.988550	
0.983544	0.994878	0.989179	
0.982278	0.994872	0.988535	
0.984810	0.992347	0.988564	
0.982278	0.993598	0.987906	
0.982278	0.994872	0.988535	
0.981013	0.992318	0.986633	
0.983544	0.994878	0.989179	
0.982278	0.996149	0.989165	
0.996063	0.992157	0.994106	
0.992126	0.996047	0.994083	
0.996063	0.992157	0.994106	
0.992126	0.984375	0.988235	
0.988189	0.992095	0.990138	
0.992126	1.000000	0.996047	
0.996063	0.988281	0.992157	
1.000000	0.996078	0.998035	
0.996063	0.996063	0.996063	
1.000000	0.992188	0.996078	
0.996063	0.996063	0.996063	
0.992126	0.996047	0.994083	
0.992126	1.000000	0.996047	
0.992126	0.996047	0.994083	
0.996063	0.996063	0.996063	
0.996063	1.000000	0.998028	
0.996063	0.996063	0.996063	
1.000000	0.996078	0.998035	
0.992126	0.996047	0.994083	
0.996063	0.992157	0.994106	
0.996063	0.992157	0.994106	
0.996063	0.996063	0.996063	
0.996063	0.992157	0.994106	
0.996063	0.996063	0.996063	
0.996063	0.992157	0.994106	
1.000000	0.992188	0.996078	
0.996063	0.996063	0.996063	
0.996063	0.992157	0.994106	
0.996063	0.992157	0.994106	
0.996063	0.992157	0.994106	
0.996063	0.992157	0.994106	
0.996063	0.992157	0.994106	
1.000000	0.996078	0.998035	
0.996063	0.996063	0.996063	
0.996063	0.996063	0.996063	
0.996063	0.996063	0.996063	
1.000000	0.992188	0.996078	
0.996063	0.996063	0.996063	
1.000000	1.000000	1.000000	
0.996063	0.996063	0.996063	
1.000000	0.992188	0.996078	
0.992126	1.000000	0.996047	
0.996063	0.996063	0.996063	
0.992126	0.992126	0.992126	
0.992126	0.996047	0.994083	
0.996063	0.996063	0.996063	
0.992126	0.996047	0.994083	
0.988189	0.992095	0.990138	
1.000000	0.992188	0.996078	
0.992126	1.000000	0.996047	
0.992126	0.996047	0.994083	
0.992126	0.992126	0.992126	
0.992126	0.992126	0.992126	
0.992126	0.992126	0.992126	
0.996063	0.992157	0.994106	
0.996063	0.996063	0.996063	
1.000000	0.996078	0.998035	
0.988189	0.996032	0.992095	
0.996063	0.984436	0.990215	
0.996063	0.988281	0.992157	
0.996063	0.988281	0.992157	
0.996063	0.988281	0.992157	
0.996063	0.992157	0.994106	
1.000000	0.988327	0.994129	
0.996063	0.992157	0.994106	
0.996063	0.988281	0.992157	
1.000000	0.988327	0.994129	
0.996063	0.988281	0.992157	
0.996063	0.988281	0.992157	
0.996063	0.988281	0.992157	
0.996063	0.992157	0.994106	
1.000000	0.992188	0.996078	
0.996063	0.984436	0.990215	
0.996063	0.988281	0.992157	
0.996063	0.988281	0.992157	
0.996063	0.984436	0.990215	
0.996063	0.988281	0.992157	
0.996063	0.988281	0.992157	
1.000000	0.988327	0.994129	
0.996063	0.988281	0.992157	
0.996063	1.000000	0.998028	
1.000000	0.992188	0.996078	
1.000000	1.000000	1.000000	
0.996063	0.992157	0.994106	
1.000000	1.000000	1.000000	
1.000000	0.996078	0.998035	
1.000000	0.996078	0.998035	
1.000000	0.992188	0.996078	
1.000000	0.996078	0.998035	
0.996063	0.992157	0.994106	
1.000000	0.996078	0.998035	
1.000000	0.996078	0.998035	
1.000000	1.000000	1.000000	
0.996063	0.992157	0.994106	
0.996063	0.996063	0.996063	
0.996063	1.000000	0.998028	
1.000000	0.996078	0.998035	
1.000000	0.996078	0.998035	
0.996063	0.996063	0.996063	
0.996063	1.000000	0.998028	
0.996063	1.000000	0.998028	
1.000000	0.996078	0.998035	
0.996063	1.000000	0.998028	
1.000000	1.000000	1.000000	
0.996063	1.000000	0.998028	
1.000000	1.000000	1.000000	
1.000000	1.000000	1.000000	
1.000000	1.000000	1.000000	
1.000000	1.000000	1.000000	
0.996063	1.000000	0.998028	
1.000000	1.000000	1.000000	
0.992126	1.000000	0.996047	
1.000000	1.000000	1.000000	
1.000000	1.000000	1.000000	
0.996063	1.000000	0.998028	
0.996063	0.996063	0.996063	
0.996063	1.000000	0.998028	
0.996063	0.996063	0.996063	
0.996063	1.000000	0.998028	
1.000000	1.000000	1.000000	
0.996063	1.000000	0.998028	
0.996063	1.000000	0.998028	
1.000000	1.000000	1.000000	
0.996063	1.000000	0.998028	
0.996063	1.000000	0.998028	
0.996063	1.000000	0.998028	
1.000000	1.000000	1.000000	
0.996063	1.000000	0.998028	
0.996063	1.000000	0.998028	
0.996063	1.000000	0.998028	
1.000000	1.000000	1.000000	
0.996063	1.000000	0.998028	
0.996063	1.000000	0.998028	
0.996063	1.000000	0.998028	
0.996063	1.000000	0.998028	
0.996063	1.000000	0.998028	
0.996063	0.996063	0.996063	
0.996063	1.000000	0.998028	
0.996063	1.000000	0.998028	
0.996063	0.996063	0.996063	
0.900775	0.986418	0.941653	
0.905426	0.988156	0.944984	
0.908527	0.988196	0.946688	
0.902326	0.991482	0.944805	
0.906977	0.989848	0.946602	
0.908527	0.986532	0.945924	
0.908527	0.993220	0.948988	
0.906977	0.988176	0.945837	
0.900775	0.983080	0.940129	
0.906977	0.989848	0.946602	
0.903876	0.989813	0.944895	
0.900775	0.988095	0.942417	
0.902326	0.993174	0.945573	
0.905426	0.993197	0.947283	
0.900775	0.984746	0.940891	
0.905426	0.984823	0.943457	
0.908527	0.991540	0.948220	
0.906977	0.988176	0.945837	
0.903876	0.989813	0.944895	
0.905426	0.983165	0.942696	
0.953875	0.955638	0.954755	
0.946494	0.944751	0.945622	
0.946494	0.953532	0.950000	
0.942804	0.962335	0.952470	
0.952030	0.950276	0.951152	
0.946494	0.955307	0.950880	
0.952030	0.953789	0.952909	
0.953875	0.952118	0.952995	
0.955720	0.961039	0.958372	
0.946494	0.948244	0.947368	
0.950185	0.960821	0.955473	
0.952030	0.955556	0.953789	
0.953875	0.948624	0.951242	
0.950185	0.953704	0.951941	
0.942804	0.956929	0.949814	
0.952030	0.959108	0.955556	
0.946494	0.955307	0.950880	
0.946494	0.950000	0.948244	
0.953875	0.962756	0.958295	
0.955720	0.952206	0.953959	
1.000000	0.992308	0.996139	
1.000000	0.992308	0.996139	
1.000000	0.992308	0.996139	
1.000000	0.988506	0.994220	
1.000000	0.992308	0.996139	
1.000000	0.988506	0.994220	
1.000000	0.980989	0.990403	
1.000000	0.992308	0.996139	
1.000000	0.988506	0.994220	
1.000000	0.992308	0.996139	
1.000000	0.984733	0.992308	
0.996124	0.988462	0.992278	
1.000000	0.992308	0.996139	
1.000000	0.984733	0.992308	
1.000000	0.996139	0.998066	
0.996124	0.992278	0.994197	
1.000000	0.996139	0.998066	
1.000000	0.988506	0.994220	
1.000000	0.988506	0.994220	
1.000000	0.984733	0.992308	
0.980427	0.987455	0.983929	
0.976868	0.987410	0.982111	
0.978648	0.990991	0.984781	
0.978648	0.989209	0.983900	
0.976868	0.990975	0.983871	
0.980427	0.991007	0.985689	
0.976868	0.985637	0.981233	
0.978648	0.989209	0.983900	
0.976868	0.987410	0.982111	
0.978648	0.989209	0.983900	
0.975089	0.990958	0.982960	
0.973310	0.992740	0.982929	
0.975089	0.989170	0.982079	
0.973310	0.987365	0.980287	
0.976868	0.990975	0.983871	
0.975089	0.987387	0.981200	
0.976868	0.990975	0.983871	
0.975089	0.990958	0.982960	
0.971530	0.987342	0.979372	
0.975089	0.989170	0.982079	
1.000000	0.988327	0.994129	
0.996063	1.000000	0.998028	
0.996063	0.992157	0.994106	
1.000000	0.996078	0.998035	
1.000000	1.000000	1.000000	
0.996063	1.000000	0.998028	
0.992126	0.996047	0.994083	
0.996063	0.996063	0.996063	
0.996063	0.996063	0.996063	
0.996063	0.996063	0.996063	
0.996063	1.000000	0.998028	
0.996063	1.000000	0.998028	
1.000000	1.000000	1.000000	
0.996063	0.996063	0.996063	
1.000000	0.992188	0.996078	
0.996063	0.996063	0.996063	
0.996063	0.992157	0.994106	
0.996063	0.992157	0.994106	
1.000000	0.996078	0.998035	
0.996063	0.988281	0.992157	
0.988189	0.988189	0.988189	
0.988189	0.988189	0.988189	
0.984252	0.992063	0.988142	
0.984252	0.992063	0.988142	
0.984252	0.988142	0.986193	
0.984252	0.984252	0.984252	
0.992126	0.988235	0.990177	
0.984252	0.992063	0.988142	
0.988189	0.992095	0.990138	
0.984252	0.996016	0.990099	
0.984252	0.992063	0.988142	
0.988189	0.992095	0.990138	
0.980315	0.988095	0.984190	
0.992126	0.992126	0.992126	
0.988189	0.988189	0.988189	
0.984252	0.992063	0.988142	
0.988189	0.988189	0.988189	
0.992126	0.996047	0.994083	
0.988189	0.984314	0.986248	
0.988189	0.996032	0.992095	
0.996063	0.996063	0.996063	
0.992126	1.000000	0.996047	
0.996063	1.000000	0.998028	
0.992126	1.000000	0.996047	
0.992126	1.000000	0.996047	
0.996063	0.996063	0.996063	
1.000000	0.996078	0.998035	
0.996063	1.000000	0.998028	
1.000000	1.000000	1.000000	
0.992126	1.000000	0.996047	
0.996063	1.000000	0.998028	
0.992126	1.000000	0.996047	
0.992126	1.000000	0.996047	
0.992126	1.000000	0.996047	
0.996063	1.000000	0.998028	
0.996063	1.000000	0.998028	
0.988189	0.996032	0.992095	
0.992126	1.000000	0.996047	
0.996063	1.000000	0.998028	
0.988189	1.000000	0.994059	
0.847032	0.997312	0.916049	
0.847032	0.997312	0.916049	
0.847032	1.000000	0.917182	
0.844749	1.000000	0.915842	
0.849315	0.997319	0.917386	
0.851598	1.000000	0.919852	
0.847032	1.000000	0.917182	
0.853881	0.997333	0.920049	
0.844749	0.994624	0.913580	
0.851598	0.994667	0.917589	
0.842466	0.997297	0.913366	
0.842466	1.000000	0.914498	
0.840183	1.000000	0.913151	
0.849315	1.000000	0.918519	
0.844749	0.997305	0.914710	
0.844749	0.994624	0.913580	
0.844749	0.997305	0.914710	
0.849315	1.000000	0.918519	
0.847032	0.997312	0.916049	
0.851598	1.000000	0.919852	
0.988189	0.988189	0.988189	
0.988189	0.996032	0.992095	
0.988189	0.992095	0.990138	
0.992126	0.992126	0.992126	
0.988189	1.000000	0.994059	
0.988189	0.992095	0.990138	
0.988189	0.984314	0.986248	
0.988189	1.000000	0.994059	
0.992126	0.992126	0.992126	
0.988189	0.992095	0.990138	
0.996063	0.992157	0.994106	
0.996063	0.988281	0.992157	
0.992126	0.992126	0.992126	
0.988189	0.992095	0.990138	
0.988189	0.992095	0.990138	
0.984252	0.984252	0.984252	
0.996063	0.988281	0.992157	
0.992126	0.984375	0.988235	
0.996063	0.992157	0.994106	
0.984252	0.992063	0.988142	
1.000000	0.996078	0.998035	
0.992126	1.000000	0.996047	
0.992126	0.996047	0.994083	
0.996063	0.996063	0.996063	
0.996063	0.996063	0.996063	
0.988189	1.000000	0.994059	
0.992126	0.996047	0.994083	
0.992126	1.000000	0.996047	
0.996063	1.000000	0.998028	
0.988189	1.000000	0.994059	
0.996063	1.000000	0.998028	
0.992126	0.996047	0.994083	
0.996063	0.996063	0.996063	
0.996063	0.996063	0.996063	
0.996063	1.000000	0.998028	
0.996063	1.000000	0.998028	
0.992126	1.000000	0.996047	
0.988189	0.996032	0.992095	
0.996063	0.996063	0.996063	
0.996063	0.996063	0.996063	
0.945435	0.990848	0.964479	
