0.078431	0.777778	0.142494	
0.075630	0.794118	0.138107	
0.081232	0.870000	0.148591	
0.075630	0.801980	0.138225	
0.070028	0.781250	0.128535	
0.088702	0.818966	0.160067	
0.077498	0.821782	0.141638	
0.085901	0.821429	0.155537	
0.081232	0.813084	0.147708	
0.076564	0.766355	0.139219	
0.078431	0.800000	0.142857	
0.082166	0.846154	0.149787	
0.083100	0.816514	0.150847	
0.076564	0.788462	0.139574	
0.091503	0.844828	0.165122	
0.084034	0.825688	0.152542	
0.081232	0.828571	0.147959	
0.087768	0.789916	0.157983	
0.073763	0.822917	0.135390	
0.084034	0.775862	0.151643	
0.077354	0.394286	0.129335	
0.079596	0.412791	0.133459	
0.072870	0.433333	0.124760	
0.084081	0.433526	0.140845	
0.077354	0.392045	0.129213	
0.072870	0.403727	0.123457	
0.071749	0.432432	0.123077	
0.082960	0.411111	0.138060	
0.075112	0.385057	0.125704	
0.078475	0.402299	0.131332	
0.079596	0.408046	0.133208	
0.080717	0.431138	0.135977	
0.076233	0.433121	0.129647	
0.085202	0.431818	0.142322	
0.076233	0.386364	0.127341	
0.078475	0.421687	0.132325	
0.070628	0.366279	0.118421	
0.068386	0.403974	0.116970	
0.080717	0.418605	0.135338	
0.068386	0.414966	0.117421	
0.024390	0.302326	0.045139	
0.028143	0.312500	0.051635	
0.022514	0.222222	0.040886	
0.026266	0.358974	0.048951	
0.020638	0.261905	0.038261	
0.020638	0.250000	0.038128	
0.030019	0.333333	0.055077	
0.024390	0.295455	0.045061	
0.031895	0.346939	0.058419	
0.016886	0.180000	0.030875	
0.020638	0.220000	0.037736	
0.024390	0.260000	0.044597	
0.024390	0.342105	0.045534	
0.028143	0.326087	0.051813	
0.018762	0.212766	0.034483	
0.030019	0.380952	0.055652	
0.024390	0.276596	0.044828	
0.028143	0.272727	0.051020	
0.022514	0.285714	0.041739	
0.028143	0.319149	0.051724	
0.000000	0.000000	NaN	
0.000000	0.000000	NaN	
0.000000	0.000000	NaN	
0.000000	0.000000	NaN	
0.000000	0.000000	NaN	
0.000000	0.000000	NaN	
0.000000	0.000000	NaN	
0.000000	0.000000	NaN	
0.000000	0.000000	NaN	
0.000000	0.000000	NaN	
0.000000	0.000000	NaN	
0.000000	0.000000	NaN	
0.000000	0.000000	NaN	
0.000000	0.000000	NaN	
0.000000	0.000000	NaN	
0.000000	0.000000	NaN	
0.000000	0.000000	NaN	
0.000000	0.000000	NaN	
0.000000	0.000000	NaN	
0.000000	0.000000	NaN	
0.000000	0.000000	NaN	
0.000000	NaN	NaN	
0.000000	0.000000	NaN	
0.000000	NaN	NaN	
0.000000	0.000000	NaN	
0.000000	NaN	NaN	
0.000000	NaN	NaN	
0.000000	NaN	NaN	
0.000000	0.000000	NaN	
0.000000	0.000000	NaN	
0.000000	0.000000	NaN	
0.000000	NaN	NaN	
0.000000	0.000000	NaN	
0.000000	0.000000	NaN	
0.000000	0.000000	NaN	
0.000000	NaN	NaN	
0.000000	NaN	NaN	
0.000000	NaN	NaN	
0.000000	NaN	NaN	
0.000000	0.000000	NaN	
0.085106	0.235294	0.125000	
0.053191	0.172414	0.081301	
0.042553	0.121212	0.062992	
0.053191	0.151515	0.078740	
0.053191	0.128205	0.075188	
0.031915	0.090909	0.047244	
0.063830	0.193548	0.096000	
0.063830	0.200000	0.096774	
0.042553	0.086957	0.057143	
0.063830	0.157895	0.090909	
0.063830	0.162162	0.091603	
0.063830	0.166667	0.092308	
0.063830	0.214286	0.098361	
0.063830	0.127660	0.085106	
0.074468	0.162791	0.102190	
0.074468	0.205882	0.109375	
0.042553	0.129032	0.064000	
0.063830	0.150000	0.089552	
0.063830	0.162162	0.091603	
0.053191	0.131579	0.075758	
0.063291	0.434783	0.110497	
0.056962	0.529412	0.102857	
0.063291	0.333333	0.106383	
0.075949	0.500000	0.131868	
0.063291	0.434783	0.110497	
0.044304	0.333333	0.078212	
0.075949	0.545455	0.133333	
0.069620	0.478261	0.121547	
0.075949	0.545455	0.133333	
0.063291	0.384615	0.108696	
0.069620	0.500000	0.122222	
0.056962	0.375000	0.098901	
0.050633	0.347826	0.088398	
0.082278	0.448276	0.139037	
0.075949	0.500000	0.131868	
0.069620	0.550000	0.123596	
0.069620	0.458333	0.120879	
0.063291	0.400000	0.109290	
0.069620	0.458333	0.120879	
0.075949	0.500000	0.131868	
0.217005	0.904762	0.350051	
0.219543	0.915344	0.354145	
0.237310	0.890476	0.374749	
0.251269	0.900000	0.392857	
0.218274	0.924731	0.353183	
0.229695	0.918782	0.367513	
0.251269	0.904110	0.393247	
0.241117	0.935961	0.383451	
0.236041	0.911765	0.375000	
0.252538	0.921296	0.396414	
0.192893	0.921212	0.318993	
0.232234	0.905941	0.369697	
0.234772	0.911330	0.373360	
0.228426	0.923077	0.366226	
0.257614	0.931193	0.403579	
0.232234	0.938462	0.372330	
0.222081	0.902062	0.356415	
0.201777	0.908571	0.330218	
0.236041	0.948980	0.378049	
0.209391	0.937500	0.342324	
0.014085	0.012987	0.013514	
0.028169	0.029412	0.028777	
0.014085	0.012987	0.013514	
0.056338	0.060606	0.058394	
0.028169	0.022222	0.024845	
0.028169	0.032787	0.030303	
0.042254	0.038462	0.040268	
0.028169	0.024096	0.025974	
0.042254	0.038961	0.040541	
0.042254	0.049180	0.045455	
0.014085	0.009524	0.011364	
0.028169	0.029851	0.028986	
0.042254	0.033708	0.037500	
0.028169	0.026667	0.027397	
0.028169	0.026316	0.027211	
0.014085	0.012500	0.013245	
0.042254	0.037500	0.039735	
0.042254	0.043478	0.042857	
0.028169	0.029412	0.028777	
0.028169	0.026667	0.027397	
0.057864	0.709091	0.106996	
0.071217	0.800000	0.130790	
0.072700	0.790323	0.133152	
0.075668	0.772727	0.137838	
0.074184	0.757576	0.135135	
0.066766	0.818182	0.123457	
0.069733	0.712121	0.127027	
0.089021	0.810811	0.160428	
0.072700	0.816667	0.133515	
0.084570	0.814286	0.153226	
0.087537	0.786667	0.157543	
0.074184	0.833333	0.136240	
0.074184	0.757576	0.135135	
0.072700	0.875000	0.134247	
0.086053	0.805556	0.155496	
0.080119	0.818182	0.145946	
0.074184	0.793651	0.135685	
0.063798	0.741379	0.117486	
0.062315	0.724138	0.114754	
0.072700	0.790323	0.133152	
NaN	0.000000	NaN	
NaN	0.000000	NaN	
NaN	0.000000	NaN	
NaN	0.000000	NaN	
NaN	0.000000	NaN	
NaN	0.000000	NaN	
NaN	0.000000	NaN	
NaN	0.000000	NaN	
NaN	0.000000	NaN	
NaN	0.000000	NaN	
NaN	0.000000	NaN	
NaN	0.000000	NaN	
NaN	0.000000	NaN	
NaN	0.000000	NaN	
NaN	0.000000	NaN	
NaN	0.000000	NaN	
NaN	0.000000	NaN	
NaN	0.000000	NaN	
NaN	0.000000	NaN	
NaN	0.000000	NaN	
NaN	0.000000	NaN	
NaN	0.000000	NaN	
NaN	0.000000	NaN	
NaN	0.000000	NaN	
NaN	0.000000	NaN	
NaN	0.000000	NaN	
NaN	0.000000	NaN	
NaN	0.000000	NaN	
NaN	0.000000	NaN	
NaN	0.000000	NaN	
NaN	0.000000	NaN	
NaN	0.000000	NaN	
NaN	0.000000	NaN	
NaN	0.000000	NaN	
NaN	0.000000	NaN	
NaN	0.000000	NaN	
NaN	0.000000	NaN	
NaN	0.000000	NaN	
NaN	0.000000	NaN	
NaN	0.000000	NaN	
NaN	0.000000	NaN	
NaN	0.000000	NaN	
NaN	0.000000	NaN	
NaN	0.000000	NaN	
NaN	0.000000	NaN	
NaN	0.000000	NaN	
NaN	0.000000	NaN	
NaN	0.000000	NaN	
NaN	0.000000	NaN	
NaN	0.000000	NaN	
NaN	0.000000	NaN	
NaN	0.000000	NaN	
NaN	0.000000	NaN	
NaN	0.000000	NaN	
NaN	0.000000	NaN	
NaN	0.000000	NaN	
NaN	0.000000	NaN	
NaN	0.000000	NaN	
NaN	0.000000	NaN	
NaN	0.000000	NaN	
NaN	0.000000	NaN	
NaN	0.000000	NaN	
NaN	0.000000	NaN	
NaN	0.000000	NaN	
NaN	0.000000	NaN	
NaN	0.000000	NaN	
NaN	0.000000	NaN	
NaN	0.000000	NaN	
NaN	0.000000	NaN	
NaN	0.000000	NaN	
NaN	0.000000	NaN	
NaN	0.000000	NaN	
NaN	0.000000	NaN	
NaN	0.000000	NaN	
NaN	0.000000	NaN	
NaN	0.000000	NaN	
NaN	0.000000	NaN	
NaN	0.000000	NaN	
NaN	0.000000	NaN	
NaN	0.000000	NaN	
NaN	0.000000	NaN	
NaN	0.000000	NaN	
NaN	0.000000	NaN	
NaN	0.000000	NaN	
NaN	0.000000	NaN	
NaN	0.000000	NaN	
NaN	0.000000	NaN	
NaN	0.000000	NaN	
NaN	0.000000	NaN	
NaN	0.000000	NaN	
NaN	0.000000	NaN	
NaN	0.000000	NaN	
NaN	0.000000	NaN	
NaN	0.000000	NaN	
NaN	0.000000	NaN	
NaN	0.000000	NaN	
NaN	0.000000	NaN	
NaN	0.000000	NaN	
NaN	0.000000	NaN	
NaN	0.000000	NaN	
NaN	0.000000	NaN	
NaN	0.000000	NaN	
NaN	0.000000	NaN	
NaN	0.000000	NaN	
NaN	0.000000	NaN	
NaN	0.000000	NaN	
NaN	0.000000	NaN	
NaN	0.000000	NaN	
NaN	0.000000	NaN	
NaN	0.000000	NaN	
NaN	0.000000	NaN	
NaN	0.000000	NaN	
NaN	0.000000	NaN	
NaN	0.000000	NaN	
NaN	0.000000	NaN	
NaN	0.000000	NaN	
NaN	0.000000	NaN	
NaN	0.000000	NaN	
NaN	0.000000	NaN	
NaN	0.000000	NaN	
NaN	0.000000	NaN	
NaN	0.000000	NaN	
NaN	0.000000	NaN	
NaN	0.000000	NaN	
NaN	0.000000	NaN	
NaN	0.000000	NaN	
NaN	0.000000	NaN	
NaN	0.000000	NaN	
NaN	0.000000	NaN	
NaN	0.000000	NaN	
NaN	0.000000	NaN	
NaN	0.000000	NaN	
NaN	0.000000	NaN	
NaN	0.000000	NaN	
NaN	0.000000	NaN	
NaN	0.000000	NaN	
NaN	0.000000	NaN	
NaN	0.000000	NaN	
NaN	0.000000	NaN	
NaN	0.000000	NaN	
NaN	0.000000	NaN	
NaN	0.000000	NaN	
NaN	0.000000	NaN	
NaN	0.000000	NaN	
NaN	0.000000	NaN	
NaN	0.000000	NaN	
NaN	0.000000	NaN	
NaN	0.000000	NaN	
NaN	0.000000	NaN	
NaN	0.000000	NaN	
NaN	0.000000	NaN	
NaN	0.000000	NaN	
NaN	0.000000	NaN	
NaN	0.000000	NaN	
NaN	0.000000	NaN	
NaN	0.000000	NaN	
NaN	0.000000	NaN	
NaN	0.000000	NaN	
NaN	0.000000	NaN	
NaN	0.000000	NaN	
NaN	0.000000	NaN	
NaN	0.000000	NaN	
NaN	0.000000	NaN	
NaN	0.000000	NaN	
NaN	0.000000	NaN	
NaN	0.000000	NaN	
NaN	0.000000	NaN	
NaN	0.000000	NaN	
NaN	0.000000	NaN	
NaN	0.000000	NaN	
NaN	0.000000	NaN	
NaN	0.000000	NaN	
NaN	0.000000	NaN	
NaN	0.000000	NaN	
NaN	0.000000	NaN	
NaN	0.000000	NaN	
NaN	0.000000	NaN	
NaN	0.000000	NaN	
NaN	0.000000	NaN	
NaN	0.000000	NaN	
0.685714	0.727273	0.705882	
0.657143	0.718750	0.686567	
0.571429	0.666667	0.615385	
0.685714	0.685714	0.685714	
0.685714	0.774194	0.727273	
0.571429	0.588235	0.579710	
0.657143	0.718750	0.686567	
0.657143	0.741935	0.696970	
0.685714	0.800000	0.738462	
0.714286	0.735294	0.724638	
0.714286	0.781250	0.746269	
0.685714	0.727273	0.705882	
0.657143	0.676471	0.666667	
0.657143	0.657143	0.657143	
0.600000	0.750000	0.666667	
0.628571	0.758621	0.687500	
0.685714	0.774194	0.727273	
0.628571	0.647059	0.637681	
0.657143	0.793103	0.718750	
0.657143	0.676471	0.666667	
NaN	NaN	NaN	
