0.702518	0.973249	0.816014	
0.704240	0.973676	0.817325	
0.702856	0.973034	0.816167	
0.704105	0.973534	0.817185	
0.700560	0.973998	0.814954	
0.700223	0.973392	0.814514	
0.703531	0.973604	0.816822	
0.696644	0.972800	0.811882	
0.691986	0.973638	0.808999	
0.705084	0.973298	0.817760	
0.702113	0.974008	0.816008	
0.699581	0.973368	0.814071	
0.701607	0.972896	0.815275	
0.701236	0.972973	0.815052	
0.700763	0.973320	0.814854	
0.697927	0.973536	0.813009	
0.702215	0.972964	0.815709	
0.703497	0.973467	0.816751	
0.708392	0.973284	0.819976	
0.701134	0.972924	0.814966	
0.497144	0.910139	0.643040	
0.506587	0.903702	0.649234	
0.446660	0.906317	0.598407	
0.451906	0.910287	0.603974	
0.465431	0.908305	0.615479	
0.476157	0.911607	0.625565	
0.449808	0.906485	0.601262	
0.480354	0.914539	0.629873	
0.468346	0.914826	0.619525	
0.474059	0.914530	0.624434	
0.475924	0.884891	0.618954	
0.461816	0.907654	0.612163	
0.470328	0.898641	0.617480	
0.482803	0.904939	0.629666	
0.491197	0.913685	0.638914	
0.481754	0.912343	0.630551	
0.490848	0.908895	0.637444	
0.483386	0.916041	0.632832	
0.459485	0.905977	0.609732	
0.466364	0.910539	0.616808	
0.174660	0.868750	0.290846	
0.192461	0.851715	0.313973	
0.184084	0.860078	0.303260	
0.196649	0.863051	0.320314	
0.180733	0.834623	0.297125	
0.187853	0.878550	0.309524	
0.194346	0.866480	0.317482	
0.185969	0.820702	0.303227	
0.189948	0.850047	0.310510	
0.182618	0.862512	0.301417	
0.173613	0.854639	0.288599	
0.193927	0.827525	0.314218	
0.189948	0.884016	0.312705	
0.193298	0.855422	0.315340	
0.181152	0.865000	0.299567	
0.185969	0.879208	0.307001	
0.183665	0.853113	0.302257	
0.191414	0.838532	0.311679	
0.173613	0.874473	0.289708	
0.187225	0.875612	0.308489	
0.746002	0.902504	0.816824	
0.729069	0.885377	0.799656	
0.745375	0.892267	0.812233	
0.740985	0.898479	0.812167	
0.747883	0.883988	0.810260	
0.722797	0.878095	0.792914	
0.740357	0.894996	0.810366	
0.719975	0.885461	0.794189	
0.728442	0.886303	0.799656	
0.735654	0.886621	0.804113	
0.707118	0.880172	0.784211	
0.721856	0.874952	0.791065	
0.747883	0.900680	0.817201	
0.746002	0.890344	0.811807	
0.735967	0.877383	0.800477	
0.736281	0.893455	0.807289	
0.744120	0.891100	0.811005	
0.718093	0.885880	0.793211	
0.725619	0.884895	0.797381	
0.714644	0.884362	0.790496	
0.220714	0.559717	0.316588	
0.208541	0.397338	0.273524	
0.209140	0.486085	0.292452	
0.208541	0.470721	0.289033	
0.218719	0.365212	0.273590	
0.217521	0.444716	0.292147	
0.210936	0.427589	0.282507	
0.223508	0.453993	0.299545	
0.211934	0.363574	0.267776	
0.185791	0.417676	0.257182	
0.224905	0.490213	0.308345	
0.211535	0.593505	0.311902	
0.191579	0.485584	0.274757	
0.235083	0.509075	0.321638	
0.209339	0.479214	0.291389	
0.192576	0.498450	0.277818	
0.207144	0.413546	0.276027	
0.204750	0.380423	0.266217	
0.188785	0.480935	0.271138	
0.200758	0.381350	0.263041	
0.716345	0.793580	0.752987	
0.708024	0.802729	0.752408	
0.711144	0.812426	0.758419	
0.709212	0.820667	0.760880	
0.710253	0.734819	0.722327	
0.716493	0.772756	0.743562	
0.714859	0.803843	0.756744	
0.699554	0.774342	0.735051	
0.714413	0.789491	0.750078	
0.715453	0.773618	0.743400	
0.694799	0.787603	0.738296	
0.708915	0.790817	0.747630	
0.704458	0.785064	0.742580	
0.709955	0.775146	0.741120	
0.703566	0.773061	0.736678	
0.707429	0.787723	0.745420	
0.707578	0.776202	0.740303	
0.694354	0.808757	0.747202	
0.706835	0.784336	0.743572	
0.611144	0.802224	0.693767	
0.548802	0.981746	0.704041	
0.520408	0.993226	0.682969	
0.536823	0.988562	0.695802	
0.520408	0.984060	0.680789	
0.551020	0.979495	0.705281	
0.556344	0.994449	0.713514	
0.541260	0.993485	0.700747	
0.537267	0.990998	0.696778	
0.514197	0.980541	0.674622	
0.509317	0.978687	0.669974	
0.519965	0.985702	0.680802	
0.531056	0.966882	0.685567	
0.525732	0.985857	0.685764	
0.535936	0.979724	0.692859	
0.540816	0.986246	0.698567	
0.541260	0.984665	0.698540	
0.532387	0.972447	0.688073	
0.535049	0.994229	0.695702	
0.537711	0.980583	0.694556	
0.538598	0.983793	0.696101	
0.369975	0.695988	0.483128	
0.373257	0.696784	0.486111	
0.372436	0.709375	0.488435	
0.356850	0.691574	0.470779	
0.357670	0.692063	0.471606	
0.401148	0.712828	0.513386	
0.396226	0.715556	0.510032	
0.367514	0.703297	0.482759	
0.382281	0.719136	0.499197	
0.388843	0.707463	0.501853	
0.351107	0.681529	0.463454	
0.333060	0.676667	0.446399	
0.367514	0.704403	0.483019	
0.384742	0.700000	0.496559	
0.397047	0.703488	0.507604	
0.398687	0.715758	0.512118	
0.366694	0.690881	0.479100	
0.360131	0.697933	0.475108	
0.346185	0.690671	0.461202	
0.342084	0.679153	0.454992	
0.459273	0.806381	0.585230	
0.471805	0.805778	0.595139	
0.468985	0.826387	0.598381	
0.464286	0.811610	0.590674	
0.422776	0.797813	0.552677	
0.460996	0.811414	0.587953	
0.465695	0.810523	0.591524	
0.461936	0.807945	0.587801	
0.409774	0.790332	0.539715	
0.464599	0.805322	0.589252	
0.451284	0.813153	0.580437	
0.468515	0.811229	0.593983	
0.463346	0.812191	0.590066	
0.457707	0.805624	0.583758	
0.456610	0.807927	0.583467	
0.414630	0.787798	0.543309	
0.468828	0.803274	0.592087	
0.455514	0.806881	0.582299	
0.463503	0.806047	0.588563	
0.465226	0.817956	0.593110	
0.397680	0.715350	0.511182	
0.384424	0.691505	0.494143	
0.389395	0.652778	0.487805	
0.390224	0.679654	0.495789	
0.379453	0.681548	0.487493	
0.374482	0.689024	0.485239	
0.400994	0.669433	0.501554	
0.416736	0.675168	0.515369	
0.407622	0.664865	0.505393	
0.395195	0.706667	0.506908	
0.412593	0.645078	0.503284	
0.396852	0.682336	0.501833	
0.402651	0.694286	0.509701	
0.386910	0.688791	0.495491	
0.408451	0.709353	0.518402	
0.380282	0.706154	0.494346	
0.391881	0.641791	0.486626	
0.391881	0.695588	0.501325	
0.387738	0.645517	0.484472	
0.393538	0.691412	0.501584	
0.460352	0.611111	0.525126	
0.469163	0.577236	0.517618	
0.477974	0.607843	0.535142	
0.431718	0.588589	0.498094	
0.398678	0.574603	0.470741	
0.477974	0.607843	0.535142	
0.411894	0.551622	0.471627	
0.464758	0.596045	0.522277	
0.482379	0.603306	0.536108	
0.433921	0.595166	0.501911	
0.398678	0.553517	0.463508	
0.436123	0.592814	0.502538	
0.411894	0.575385	0.480103	
0.414097	0.552941	0.473552	
0.433921	0.582840	0.497475	
0.469163	0.580381	0.518879	
0.411894	0.556548	0.473418	
0.427313	0.586103	0.494268	
0.469163	0.596639	0.525277	
0.422907	0.598131	0.495484	
NaN	0.000000	NaN	
NaN	0.000000	NaN	
NaN	0.000000	NaN	
NaN	0.000000	NaN	
NaN	0.000000	NaN	
NaN	0.000000	NaN	
NaN	0.000000	NaN	
NaN	0.000000	NaN	
NaN	0.000000	NaN	
NaN	0.000000	NaN	
NaN	0.000000	NaN	
NaN	0.000000	NaN	
NaN	0.000000	NaN	
NaN	0.000000	NaN	
NaN	0.000000	NaN	
NaN	0.000000	NaN	
NaN	0.000000	NaN	
NaN	0.000000	NaN	
NaN	0.000000	NaN	
NaN	0.000000	NaN	
NaN	0.000000	NaN	
NaN	0.000000	NaN	
NaN	0.000000	NaN	
NaN	0.000000	NaN	
NaN	0.000000	NaN	
NaN	0.000000	NaN	
NaN	0.000000	NaN	
NaN	0.000000	NaN	
NaN	0.000000	NaN	
NaN	0.000000	NaN	
NaN	0.000000	NaN	
NaN	0.000000	NaN	
NaN	0.000000	NaN	
NaN	0.000000	NaN	
NaN	0.000000	NaN	
NaN	0.000000	NaN	
NaN	0.000000	NaN	
NaN	0.000000	NaN	
NaN	0.000000	NaN	
NaN	0.000000	NaN	
NaN	0.000000	NaN	
NaN	0.000000	NaN	
NaN	0.000000	NaN	
NaN	0.000000	NaN	
NaN	0.000000	NaN	
NaN	0.000000	NaN	
NaN	0.000000	NaN	
NaN	0.000000	NaN	
NaN	0.000000	NaN	
NaN	0.000000	NaN	
NaN	0.000000	NaN	
NaN	0.000000	NaN	
NaN	0.000000	NaN	
NaN	0.000000	NaN	
NaN	0.000000	NaN	
NaN	0.000000	NaN	
NaN	0.000000	NaN	
NaN	0.000000	NaN	
NaN	0.000000	NaN	
NaN	0.000000	NaN	
0.169355	0.552632	0.259259	
0.225806	0.595745	0.327485	
0.185484	0.676471	0.291139	
0.209677	0.577778	0.307692	
0.217742	0.586957	0.317647	
0.169355	0.525000	0.256098	
0.258065	0.603774	0.361582	
0.145161	0.500000	0.225000	
0.185484	0.560976	0.278788	
0.233871	0.580000	0.333333	
0.209677	0.530612	0.300578	
0.193548	0.545455	0.285714	
0.274194	0.629630	0.382022	
0.225806	0.608696	0.329412	
0.185484	0.511111	0.272189	
0.250000	0.632653	0.358382	
0.185484	0.547619	0.277108	
0.201613	0.595238	0.301205	
0.241935	0.588235	0.342857	
0.185484	0.547619	0.277108	
NaN	0.000000	NaN	
NaN	0.000000	NaN	
NaN	0.000000	NaN	
NaN	0.000000	NaN	
NaN	0.000000	NaN	
NaN	0.000000	NaN	
NaN	0.000000	NaN	
NaN	0.000000	NaN	
NaN	0.000000	NaN	
NaN	0.000000	NaN	
NaN	0.000000	NaN	
NaN	0.000000	NaN	
NaN	0.000000	NaN	
NaN	0.000000	NaN	
NaN	0.000000	NaN	
NaN	0.000000	NaN	
NaN	0.000000	NaN	
NaN	0.000000	NaN	
NaN	0.000000	NaN	
NaN	0.000000	NaN	
NaN	NaN	NaN	
NaN	NaN	NaN	
NaN	NaN	NaN	
NaN	NaN	NaN	
NaN	NaN	NaN	
NaN	NaN	NaN	
NaN	NaN	NaN	
NaN	NaN	NaN	
NaN	0.000000	NaN	
NaN	NaN	NaN	
NaN	0.000000	NaN	
NaN	0.000000	NaN	
NaN	NaN	NaN	
NaN	NaN	NaN	
NaN	NaN	NaN	
NaN	0.000000	NaN	
NaN	NaN	NaN	
NaN	NaN	NaN	
NaN	NaN	NaN	
NaN	NaN	NaN	
NaN	0.000000	NaN	
NaN	NaN	NaN	
NaN	0.000000	NaN	
NaN	0.000000	NaN	
NaN	NaN	NaN	
NaN	NaN	NaN	
NaN	0.000000	NaN	
NaN	NaN	NaN	
NaN	0.000000	NaN	
NaN	0.000000	NaN	
NaN	0.000000	NaN	
NaN	0.000000	NaN	
NaN	0.000000	NaN	
NaN	0.000000	NaN	
NaN	0.000000	NaN	
NaN	0.000000	NaN	
NaN	0.000000	NaN	
NaN	NaN	NaN	
NaN	0.000000	NaN	
NaN	0.000000	NaN	
0.361008	0.720805	0.481075	
0.389580	0.726190	0.507110	
0.326387	0.813915	0.465931	
0.408403	0.694683	0.514395	
0.372101	0.654255	0.474395	
0.340168	0.841930	0.484558	
0.329076	0.745053	0.456517	
0.371765	0.682295	0.481288	
0.361008	0.638526	0.461241	
0.378151	0.704005	0.492018	
0.320000	0.720666	0.443203	
0.392269	0.761749	0.517861	
0.342521	0.806809	0.480887	
0.366723	0.675542	0.475381	
0.357983	0.661902	0.464660	
0.390252	0.739962	0.511004	
0.392605	0.770957	0.520267	
0.345546	0.635352	0.447638	
0.343193	0.842409	0.487700	
0.374118	0.683241	0.483493	
0.489739	0.955872	0.647654	
0.468522	0.965591	0.630913	
0.440696	0.966438	0.605351	
0.514435	0.952964	0.668173	
0.491826	0.955405	0.649369	
0.474087	0.968728	0.636618	
0.466435	0.964748	0.628839	
0.440000	0.958333	0.603099	
0.517217	0.952594	0.670424	
0.518261	0.965651	0.674513	
0.474783	0.964664	0.636364	
0.456696	0.954215	0.617737	
0.492174	0.965211	0.651924	
0.493217	0.963970	0.652554	
0.478957	0.960921	0.639276	
0.509217	0.963792	0.666363	
0.447652	0.970588	0.612711	
0.494609	0.953722	0.651397	
0.462957	0.971533	0.627091	
0.488348	0.951864	0.645517	
NaN	NaN	NaN	
