0.321814	0.913071	0.475897	
0.322016	0.911485	0.475902	
0.322030	0.904293	0.474931	
0.320448	0.909752	0.473953	
0.321433	0.908598	0.474872	
0.321304	0.904646	0.474189	
0.325438	0.907505	0.479076	
0.320923	0.905645	0.473911	
0.322648	0.906597	0.475921	
0.320340	0.899058	0.472371	
0.324877	0.908820	0.478651	
0.320707	0.910635	0.474356	
0.320470	0.906611	0.473549	
0.323281	0.914583	0.477706	
0.317622	0.898739	0.469366	
0.322843	0.908243	0.476359	
0.318981	0.898598	0.470829	
0.323518	0.909777	0.477306	
0.320412	0.906282	0.473441	
0.321821	0.906599	0.475021	
0.054478	0.347059	0.094174	
0.055863	0.340845	0.095994	
0.053555	0.330484	0.092173	
0.053093	0.331412	0.091524	
0.046168	0.300300	0.080032	
0.052632	0.341317	0.091200	
0.047091	0.311927	0.081829	
0.046630	0.294461	0.080510	
0.048476	0.317221	0.084101	
0.050785	0.337423	0.088283	
0.052170	0.340361	0.090472	
0.047553	0.309309	0.082433	
0.050785	0.340557	0.088389	
0.053555	0.323120	0.091881	
0.051708	0.322767	0.089136	
0.050323	0.327327	0.087235	
0.056325	0.343662	0.096787	
0.051247	0.333333	0.088836	
0.043860	0.287879	0.076122	
0.048015	0.317073	0.083400	
0.764520	0.971301	0.855594	
0.770342	0.971850	0.859443	
0.771320	0.972536	0.860319	
0.770236	0.972107	0.859477	
0.760822	0.972326	0.853668	
0.767112	0.971604	0.857333	
0.773976	0.972887	0.862107	
0.772276	0.971555	0.860529	
0.770895	0.972182	0.859916	
0.778864	0.973130	0.865227	
0.759781	0.972527	0.853090	
0.771150	0.971852	0.859946	
0.767899	0.972155	0.858038	
0.771171	0.971567	0.859847	
0.775464	0.973483	0.863263	
0.762586	0.971756	0.854557	
0.768770	0.972682	0.858788	
0.770130	0.971582	0.859206	
0.767240	0.972341	0.857699	
0.768919	0.972113	0.858658	
0.586026	0.973778	0.731706	
0.586497	0.974159	0.732181	
0.585504	0.974881	0.731611	
0.585281	0.973906	0.731161	
0.585504	0.975728	0.731849	
0.584859	0.975137	0.731178	
0.588978	0.976630	0.734812	
0.582130	0.976443	0.729407	
0.586695	0.974529	0.732440	
0.585777	0.973325	0.731385	
0.584661	0.974927	0.730964	
0.586522	0.975487	0.732575	
0.585356	0.976530	0.731958	
0.584189	0.975836	0.730851	
0.584909	0.973970	0.730889	
0.587986	0.975788	0.733801	
0.587936	0.974141	0.733296	
0.586323	0.976366	0.732668	
0.587762	0.974775	0.733341	
0.588358	0.976164	0.734197	
0.620014	0.968867	0.756144	
0.616516	0.968464	0.753415	
0.616136	0.968938	0.753274	
0.614558	0.968948	0.752097	
0.620946	0.967793	0.756508	
0.620680	0.968641	0.756569	
0.619501	0.969996	0.756105	
0.622999	0.966582	0.757658	
0.620319	0.966929	0.755779	
0.621897	0.968327	0.757377	
0.620167	0.968500	0.756145	
0.612695	0.967199	0.750175	
0.612125	0.968799	0.750227	
0.620262	0.969282	0.756454	
0.617296	0.968416	0.753982	
0.616402	0.969936	0.753775	
0.616574	0.968091	0.753345	
0.616364	0.966753	0.752783	
0.612866	0.967905	0.750515	
0.615243	0.968169	0.752374	
0.592674	0.961404	0.733296	
0.595414	0.961873	0.735526	
0.607792	0.961267	0.744714	
0.597553	0.960369	0.736714	
0.588949	0.962755	0.730827	
0.604764	0.962072	0.742677	
0.598731	0.963229	0.738451	
0.614113	0.962556	0.749831	
0.582532	0.965234	0.726570	
0.592458	0.962591	0.733475	
0.589502	0.962864	0.731284	
0.605172	0.955779	0.741100	
0.581186	0.964618	0.725348	
0.603346	0.962355	0.741691	
0.591641	0.961677	0.732583	
0.588997	0.963856	0.731181	
0.606398	0.961071	0.743608	
0.600005	0.960045	0.738478	
0.584479	0.962062	0.727178	
0.603177	0.960467	0.741002	
0.688154	0.947233	0.797171	
0.684328	0.947914	0.794838	
0.680177	0.947506	0.791889	
0.686485	0.943720	0.794808	
0.683881	0.944897	0.793475	
0.684613	0.945112	0.794043	
0.677980	0.946537	0.790060	
0.681805	0.942825	0.791347	
0.685346	0.944320	0.794256	
0.678712	0.944555	0.789865	
0.690473	0.947507	0.798823	
0.685386	0.948578	0.795785	
0.678753	0.946112	0.790436	
0.680055	0.949165	0.792385	
0.680625	0.946305	0.791772	
0.684979	0.947268	0.795050	
0.680503	0.946243	0.791668	
0.685386	0.944906	0.794490	
0.687014	0.945929	0.795945	
0.682090	0.946521	0.792838	
0.626218	0.895733	0.737112	
0.615820	0.894654	0.729501	
0.620230	0.898360	0.733825	
0.609668	0.899446	0.726736	
0.623061	0.895260	0.734761	
0.612336	0.900056	0.728828	
0.618869	0.900436	0.733561	
0.622244	0.898161	0.735166	
0.625293	0.906265	0.740006	
0.613643	0.896738	0.728660	
0.625401	0.899186	0.737711	
0.619631	0.891238	0.731021	
0.621700	0.898859	0.735020	
0.613915	0.892591	0.727478	
0.608961	0.895955	0.725092	
0.624367	0.894967	0.735570	
0.625891	0.902504	0.739167	
0.617726	0.899271	0.732372	
0.617726	0.894028	0.730627	
0.630845	0.897390	0.740873	
0.834772	0.910541	0.871012	
0.823741	0.908826	0.864194	
0.825564	0.907859	0.864758	
0.828201	0.908221	0.866367	
0.832422	0.910264	0.869604	
0.831175	0.909807	0.868715	
0.830456	0.913335	0.869926	
0.819568	0.908743	0.861855	
0.825228	0.903914	0.862780	
0.828345	0.908426	0.866540	
0.828633	0.909699	0.867276	
0.827002	0.911267	0.867092	
0.833525	0.906242	0.868364	
0.824556	0.907134	0.863876	
0.824125	0.910792	0.865294	
0.824988	0.909769	0.865307	
0.826187	0.908592	0.865432	
0.833477	0.909081	0.869639	
0.825084	0.909009	0.865016	
0.827818	0.906941	0.865575	
0.019120	0.028571	0.022910	
0.011472	0.017291	0.013793	
0.013384	0.019774	0.015964	
0.017208	0.025862	0.020666	
0.009560	0.014493	0.011521	
0.007648	0.011799	0.009281	
0.009560	0.014881	0.011641	
0.015296	0.023324	0.018476	
0.011472	0.017804	0.013953	
0.011472	0.017291	0.013793	
0.011472	0.016901	0.013667	
0.015296	0.022989	0.018370	
0.011472	0.016949	0.013683	
0.009560	0.014663	0.011574	
0.021033	0.032258	0.025463	
0.013384	0.020710	0.016260	
0.015296	0.022472	0.018203	
0.013384	0.019553	0.015891	
0.021033	0.030471	0.024887	
0.013384	0.020231	0.016110	
NaN	0.000000	NaN	
NaN	0.000000	NaN	
NaN	0.000000	NaN	
NaN	0.000000	NaN	
NaN	0.000000	NaN	
NaN	0.000000	NaN	
NaN	0.000000	NaN	
NaN	0.000000	NaN	
NaN	0.000000	NaN	
NaN	0.000000	NaN	
NaN	0.000000	NaN	
NaN	0.000000	NaN	
NaN	0.000000	NaN	
NaN	0.000000	NaN	
NaN	0.000000	NaN	
NaN	0.000000	NaN	
NaN	0.000000	NaN	
NaN	0.000000	NaN	
NaN	0.000000	NaN	
NaN	0.000000	NaN	
NaN	0.000000	NaN	
NaN	0.000000	NaN	
NaN	0.000000	NaN	
NaN	0.000000	NaN	
NaN	0.000000	NaN	
NaN	0.000000	NaN	
NaN	0.000000	NaN	
NaN	0.000000	NaN	
NaN	0.000000	NaN	
NaN	0.000000	NaN	
NaN	0.000000	NaN	
NaN	0.000000	NaN	
NaN	0.000000	NaN	
NaN	0.000000	NaN	
NaN	0.000000	NaN	
NaN	0.000000	NaN	
NaN	0.000000	NaN	
NaN	0.000000	NaN	
NaN	0.000000	NaN	
NaN	0.000000	NaN	
NaN	0.000000	NaN	
NaN	0.000000	NaN	
NaN	0.000000	NaN	
NaN	0.000000	NaN	
NaN	0.000000	NaN	
NaN	0.000000	NaN	
NaN	0.000000	NaN	
NaN	0.000000	NaN	
NaN	0.000000	NaN	
NaN	0.000000	NaN	
NaN	0.000000	NaN	
NaN	0.000000	NaN	
NaN	0.000000	NaN	
NaN	0.000000	NaN	
NaN	0.000000	NaN	
NaN	0.000000	NaN	
NaN	0.000000	NaN	
NaN	0.000000	NaN	
NaN	0.000000	NaN	
NaN	0.000000	NaN	
NaN	0.000000	NaN	
NaN	0.000000	NaN	
NaN	0.000000	NaN	
NaN	0.000000	NaN	
NaN	0.000000	NaN	
NaN	0.000000	NaN	
NaN	0.000000	NaN	
NaN	0.000000	NaN	
NaN	0.000000	NaN	
NaN	0.000000	NaN	
NaN	0.000000	NaN	
NaN	0.000000	NaN	
NaN	0.000000	NaN	
NaN	0.000000	NaN	
NaN	0.000000	NaN	
NaN	0.000000	NaN	
NaN	0.000000	NaN	
NaN	0.000000	NaN	
NaN	0.000000	NaN	
NaN	0.000000	NaN	
NaN	0.000000	NaN	
NaN	0.000000	NaN	
NaN	0.000000	NaN	
NaN	0.000000	NaN	
NaN	0.000000	NaN	
NaN	0.000000	NaN	
NaN	0.000000	NaN	
NaN	0.000000	NaN	
NaN	0.000000	NaN	
NaN	0.000000	NaN	
NaN	0.000000	NaN	
NaN	0.000000	NaN	
NaN	0.000000	NaN	
NaN	0.000000	NaN	
NaN	0.000000	NaN	
NaN	0.000000	NaN	
NaN	0.000000	NaN	
NaN	0.000000	NaN	
NaN	0.000000	NaN	
NaN	0.000000	NaN	
NaN	0.000000	NaN	
NaN	0.000000	NaN	
NaN	0.000000	NaN	
NaN	0.000000	NaN	
NaN	0.000000	NaN	
NaN	0.000000	NaN	
NaN	0.000000	NaN	
NaN	0.000000	NaN	
NaN	0.000000	NaN	
NaN	0.000000	NaN	
NaN	0.000000	NaN	
NaN	0.000000	NaN	
NaN	0.000000	NaN	
NaN	0.000000	NaN	
NaN	0.000000	NaN	
NaN	0.000000	NaN	
NaN	0.000000	NaN	
NaN	0.000000	NaN	
NaN	0.000000	NaN	
NaN	0.000000	NaN	
NaN	0.000000	NaN	
NaN	0.000000	NaN	
NaN	0.000000	NaN	
NaN	0.000000	NaN	
NaN	0.000000	NaN	
NaN	0.000000	NaN	
NaN	0.000000	NaN	
NaN	0.000000	NaN	
NaN	0.000000	NaN	
NaN	0.000000	NaN	
NaN	0.000000	NaN	
NaN	0.000000	NaN	
NaN	0.000000	NaN	
NaN	0.000000	NaN	
NaN	0.000000	NaN	
NaN	0.000000	NaN	
NaN	0.000000	NaN	
NaN	0.000000	NaN	
NaN	0.000000	NaN	
NaN	0.000000	NaN	
NaN	0.000000	NaN	
NaN	0.000000	NaN	
NaN	0.000000	NaN	
NaN	0.000000	NaN	
NaN	0.000000	NaN	
NaN	0.000000	NaN	
NaN	0.000000	NaN	
NaN	0.000000	NaN	
NaN	0.000000	NaN	
NaN	0.000000	NaN	
NaN	0.000000	NaN	
NaN	0.000000	NaN	
NaN	0.000000	NaN	
NaN	0.000000	NaN	
NaN	0.000000	NaN	
NaN	0.000000	NaN	
NaN	0.000000	NaN	
NaN	0.000000	NaN	
NaN	0.000000	NaN	
NaN	0.000000	NaN	
NaN	0.000000	NaN	
NaN	0.000000	NaN	
NaN	0.000000	NaN	
NaN	0.000000	NaN	
NaN	0.000000	NaN	
NaN	0.000000	NaN	
NaN	0.000000	NaN	
NaN	0.000000	NaN	
NaN	0.000000	NaN	
NaN	0.000000	NaN	
NaN	0.000000	NaN	
NaN	0.000000	NaN	
NaN	0.000000	NaN	
NaN	0.000000	NaN	
NaN	0.000000	NaN	
NaN	0.000000	NaN	
NaN	0.000000	NaN	
NaN	0.000000	NaN	
NaN	0.000000	NaN	
NaN	0.000000	NaN	
NaN	0.000000	NaN	
NaN	0.000000	NaN	
NaN	0.000000	NaN	
NaN	0.000000	NaN	
NaN	0.000000	NaN	
NaN	0.000000	NaN	
NaN	0.000000	NaN	
NaN	0.000000	NaN	
NaN	0.000000	NaN	
NaN	0.000000	NaN	
NaN	0.000000	NaN	
NaN	0.000000	NaN	
NaN	0.000000	NaN	
NaN	0.000000	NaN	
NaN	0.000000	NaN	
NaN	0.000000	NaN	
NaN	0.000000	NaN	
NaN	0.000000	NaN	
NaN	0.000000	NaN	
NaN	0.000000	NaN	
NaN	0.394123	NaN	
