0.707615	0.999699	0.828672	
0.703924	0.999698	0.826136	
0.709815	0.999500	0.830110	
0.704137	0.999597	0.826248	
0.710666	0.999501	0.830693	
0.707331	0.999900	0.828546	
0.706337	0.999699	0.827796	
0.709744	0.999500	0.830062	
0.713505	0.999602	0.832664	
0.709389	0.999500	0.829819	
0.709957	0.999600	0.830242	
0.708324	0.999700	0.829159	
0.711234	0.999501	0.831081	
0.710453	0.999700	0.830616	
0.706195	0.999598	0.827664	
0.705912	0.999799	0.827537	
0.708821	0.999700	0.829499	
0.707899	0.999499	0.828798	
0.706692	0.999498	0.827970	
0.709673	0.999400	0.829979	
0.881100	0.997082	0.935510	
0.880718	0.997512	0.935484	
0.881864	0.997192	0.935989	
0.882055	0.997624	0.936287	
0.881196	0.996975	0.935517	
0.879954	0.997726	0.935147	
0.879954	0.997186	0.934909	
0.882246	0.997624	0.936395	
0.882915	0.997626	0.936772	
0.877949	0.997072	0.933726	
0.882437	0.997302	0.936360	
0.884729	0.997523	0.937747	
0.882246	0.997624	0.936395	
0.881482	0.997299	0.935821	
0.881673	0.996976	0.935786	
0.880909	0.997189	0.935450	
0.881482	0.997191	0.935773	
0.881005	0.996866	0.935361	
0.881196	0.997621	0.935801	
0.882246	0.997301	0.936252	
0.771221	0.999871	0.870787	
0.769529	0.999871	0.869707	
0.771520	1.000000	0.871026	
0.769131	1.000000	0.869502	
0.765847	1.000000	0.867399	
0.773112	1.000000	0.872040	
0.770027	1.000000	0.870074	
0.765847	1.000000	0.867399	
0.770723	1.000000	0.870518	
0.764156	0.999870	0.866264	
0.769828	0.999871	0.869898	
0.770027	0.999871	0.870025	
0.754801	0.999868	0.860221	
0.771918	1.000000	0.871279	
0.768037	0.999870	0.868753	
0.769529	1.000000	0.869756	
0.770524	0.999871	0.870342	
0.771321	0.999871	0.870850	
0.770027	1.000000	0.870074	
0.770126	0.999871	0.870088	
0.901289	0.986414	0.941932	
0.902602	0.991348	0.944896	
0.900454	0.990286	0.943236	
0.898544	0.991701	0.942827	
0.903199	0.992654	0.945816	
0.904751	0.990720	0.945786	
0.904392	0.992924	0.946593	
0.902005	0.991732	0.944743	
0.903318	0.989152	0.944288	
0.900334	0.991847	0.943878	
0.904154	0.989549	0.944926	
0.902841	0.991220	0.944968	
0.900454	0.991067	0.943590	
0.901886	0.991471	0.944559	
0.904273	0.988776	0.944638	
0.901408	0.969075	0.934018	
0.900454	0.990156	0.943177	
0.903318	0.989928	0.944642	
0.901408	0.992118	0.944590	
0.898186	0.994055	0.943692	
0.868192	0.999582	0.929265	
0.868482	0.999331	0.929324	
0.885766	0.999508	0.939206	
0.853958	0.999660	0.921083	
0.853014	0.999660	0.920533	
0.869644	0.999416	0.930025	
0.882498	0.999506	0.937365	
0.889179	0.999592	0.941158	
0.869354	0.999666	0.929967	
0.872840	0.999667	0.931958	
0.873203	0.999086	0.931912	
0.869426	0.999666	0.930009	
0.878141	0.999669	0.934973	
0.892375	0.999268	0.942801	
0.869644	0.999416	0.930025	
0.870661	0.999583	0.930678	
0.881481	0.999588	0.936827	
0.872767	0.999418	0.931808	
0.866086	0.999665	0.928093	
0.885766	0.999508	0.939206	
0.778992	0.999774	0.875681	
0.777758	0.999773	0.874901	
0.774586	0.999773	0.872890	
0.779080	0.999774	0.875737	
0.779609	0.999661	0.876027	
0.777318	0.999887	0.874665	
0.773705	0.999772	0.872330	
0.772471	0.999886	0.871588	
0.779168	0.999887	0.875836	
0.778375	0.999887	0.875334	
0.779873	0.999774	0.876238	
0.778904	0.999774	0.875625	
0.778287	0.999887	0.875279	
0.774938	0.999773	0.873114	
0.779344	0.999661	0.875860	
0.777406	0.999887	0.874721	
0.777141	0.999887	0.874554	
0.775996	0.999886	0.873828	
0.778199	0.999660	0.875136	
0.773264	0.999886	0.872093	
0.590548	0.994052	0.740925	
0.571555	0.994620	0.725947	
0.580830	0.979881	0.729340	
0.590989	0.996277	0.741891	
0.576855	0.988645	0.728591	
0.560512	0.992958	0.716544	
0.593640	0.994083	0.743363	
0.598940	0.996326	0.748138	
0.569346	0.991538	0.723345	
0.574205	0.990854	0.727069	
0.607774	0.992785	0.753973	
0.559187	0.990610	0.714850	
0.563163	0.990676	0.718108	
0.569788	0.986239	0.722284	
0.588339	0.996260	0.739795	
0.578622	0.992424	0.731027	
0.581714	0.993213	0.733705	
0.590106	0.991098	0.739756	
0.603799	0.995630	0.751718	
0.554770	0.989756	0.711010	
0.842894	0.999915	0.914715	
0.843964	0.999409	0.915132	
0.844035	0.999746	0.915316	
0.841610	0.999915	0.913958	
0.844321	0.999662	0.915448	
0.847317	0.999832	0.917278	
0.844678	0.999662	0.915658	
0.846247	0.999747	0.916615	
0.842109	0.999915	0.914253	
0.845676	0.999747	0.916280	
0.844107	0.999746	0.915358	
0.844321	0.999493	0.915377	
0.845320	0.999578	0.916000	
0.842180	0.999831	0.914259	
0.842323	0.999746	0.914308	
0.845676	0.999663	0.916245	
0.842109	1.000000	0.914288	
0.843108	0.999915	0.914841	
0.843964	0.999662	0.915239	
0.845462	0.999663	0.916119	
0.896034	0.999625	0.944999	
0.896594	0.999500	0.945255	
0.896034	0.999625	0.944999	
0.896482	0.999500	0.945193	
0.897042	0.999501	0.945504	
0.895698	0.999625	0.944812	
0.896594	0.999500	0.945255	
0.896034	0.999500	0.944943	
0.895922	0.999625	0.944937	
0.896146	0.999625	0.945061	
0.895698	0.999625	0.944812	
0.896706	0.999376	0.945261	
0.896706	0.999625	0.945373	
0.896034	0.999750	0.945055	
0.896258	0.999500	0.945068	
0.896258	0.999750	0.945180	
0.894354	0.999624	0.944063	
0.895810	0.999500	0.944819	
0.895138	0.999500	0.944444	
0.896034	0.999500	0.944943	
0.729595	0.997734	0.842853	
0.719100	0.998083	0.835929	
0.725590	0.997342	0.840035	
0.737329	0.997944	0.848066	
0.725728	0.997532	0.840195	
0.721585	0.996947	0.837206	
0.722828	0.998283	0.838513	
0.722552	0.998092	0.838260	
0.735810	0.998314	0.847194	
0.737605	0.998318	0.848384	
0.723933	0.997716	0.839056	
0.724071	0.997716	0.839149	
0.721309	0.996756	0.836952	
0.726971	0.998293	0.841298	
0.727800	0.997350	0.841517	
0.725176	0.997530	0.839824	
0.732219	0.998305	0.844806	
0.723795	0.997906	0.839030	
0.738848	0.997948	0.849072	
0.738986	0.998880	0.849500	
0.872576	0.992439	0.928656	
0.881994	0.986369	0.931266	
0.884211	0.990689	0.934426	
0.879224	0.985714	0.929429	
0.883657	0.987616	0.932749	
0.883102	0.988221	0.932709	
0.881994	0.988206	0.932084	
0.884211	0.983970	0.931427	
0.877008	0.986908	0.928718	
0.883657	0.988228	0.933021	
0.875900	0.989981	0.929453	
0.877008	0.993099	0.931450	
0.883102	0.989448	0.933255	
0.880886	0.991890	0.933099	
0.873684	0.986859	0.926829	
0.879778	0.983282	0.928655	
0.885873	0.991321	0.935635	
0.884211	0.987013	0.932788	
0.877562	0.993103	0.931765	
0.877008	0.991234	0.930629	
NaN	0.000000	NaN	
NaN	0.000000	NaN	
NaN	0.000000	NaN	
NaN	0.000000	NaN	
NaN	0.000000	NaN	
NaN	0.000000	NaN	
NaN	0.000000	NaN	
NaN	0.000000	NaN	
NaN	0.000000	NaN	
NaN	0.000000	NaN	
NaN	0.000000	NaN	
NaN	0.000000	NaN	
NaN	0.000000	NaN	
NaN	0.000000	NaN	
NaN	0.000000	NaN	
NaN	0.000000	NaN	
NaN	0.000000	NaN	
NaN	0.000000	NaN	
NaN	0.000000	NaN	
NaN	0.000000	NaN	
0.909618	0.997976	0.951751	
0.916733	0.997992	0.955638	
0.910672	0.997979	0.952328	
0.909091	0.997975	0.951462	
0.918841	0.998282	0.956915	
0.917787	0.998280	0.956343	
0.917260	0.997993	0.955925	
0.907246	0.997393	0.950186	
0.909881	0.997689	0.951764	
0.918841	0.997711	0.956653	
0.910935	0.998844	0.952867	
0.916733	0.997992	0.955638	
0.914625	0.997987	0.954489	
0.910935	0.997403	0.952210	
0.908827	0.998552	0.951580	
0.909618	0.997976	0.951751	
0.901186	0.997085	0.946713	
0.909618	0.997976	0.951751	
0.918314	0.997710	0.956367	
0.915942	0.997704	0.955076	
0.849722	0.938525	0.891918	
0.855288	0.927565	0.889961	
0.840445	0.922607	0.879612	
0.842301	0.917172	0.878143	
0.849722	0.932790	0.889320	
0.862709	0.933735	0.896818	
0.851577	0.931034	0.889535	
0.864564	0.932000	0.897016	
0.858998	0.935354	0.895551	
0.857143	0.937120	0.895349	
0.877551	0.936634	0.906130	
0.860853	0.945010	0.900971	
0.873840	0.934524	0.903164	
0.875696	0.934653	0.904215	
0.864564	0.937626	0.899614	
0.840445	0.949686	0.891732	
0.870130	0.934263	0.901057	
0.873840	0.938247	0.904899	
0.834879	0.929752	0.879765	
0.846011	0.948025	0.894118	
NaN	0.000000	NaN	
NaN	0.000000	NaN	
NaN	0.000000	NaN	
NaN	0.000000	NaN	
NaN	0.000000	NaN	
NaN	0.000000	NaN	
NaN	0.000000	NaN	
NaN	0.000000	NaN	
NaN	0.000000	NaN	
NaN	0.000000	NaN	
NaN	0.000000	NaN	
NaN	0.000000	NaN	
NaN	0.000000	NaN	
NaN	0.000000	NaN	
NaN	0.000000	NaN	
NaN	0.000000	NaN	
NaN	0.000000	NaN	
NaN	0.000000	NaN	
NaN	0.000000	NaN	
NaN	0.000000	NaN	
NaN	0.000000	NaN	
NaN	0.000000	NaN	
NaN	0.000000	NaN	
NaN	0.000000	NaN	
NaN	0.000000	NaN	
NaN	0.000000	NaN	
NaN	0.000000	NaN	
NaN	0.000000	NaN	
NaN	0.000000	NaN	
NaN	0.000000	NaN	
NaN	0.000000	NaN	
NaN	0.000000	NaN	
NaN	0.000000	NaN	
NaN	0.000000	NaN	
NaN	0.000000	NaN	
NaN	0.000000	NaN	
NaN	0.000000	NaN	
NaN	0.000000	NaN	
NaN	0.000000	NaN	
NaN	0.000000	NaN	
0.831153	0.904269	0.866171	
0.840666	0.922977	0.879900	
0.828775	0.895887	0.861025	
0.833532	0.923584	0.876250	
0.826397	0.916887	0.869293	
0.845422	0.930628	0.885981	
0.833532	0.926024	0.877347	
0.834721	0.921260	0.875858	
0.834721	0.897698	0.865065	
0.832342	0.890585	0.860479	
0.837099	0.906049	0.870210	
0.847800	0.911765	0.878620	
0.828775	0.921958	0.872887	
0.839477	0.937583	0.885822	
0.832342	0.916230	0.872274	
0.832342	0.919842	0.873908	
0.834721	0.911688	0.871508	
0.843044	0.920779	0.880199	
0.841855	0.911197	0.875155	
0.834721	0.915254	0.873134	
0.822777	0.979297	0.894239	
0.809649	0.973176	0.883913	
0.819166	0.979592	0.892225	
0.814572	0.980253	0.889765	
0.819823	0.979608	0.892621	
0.818182	0.980724	0.892110	
0.818510	0.975362	0.890079	
0.822777	0.982367	0.895517	
0.819166	0.980361	0.892544	
0.814572	0.974863	0.887538	
0.818838	0.978431	0.891549	
0.818838	0.981511	0.892825	
0.815884	0.979898	0.890401	
0.822777	0.977769	0.893602	
0.821464	0.983497	0.895207	
0.813915	0.977533	0.888252	
0.815556	0.980276	0.890362	
0.816869	0.978381	0.890360	
0.811946	0.975937	0.886421	
0.812931	0.977120	0.887496	
NaN	0.000000	NaN	
NaN	0.000000	NaN	
NaN	0.000000	NaN	
NaN	0.000000	NaN	
NaN	0.000000	NaN	
NaN	0.000000	NaN	
NaN	0.000000	NaN	
NaN	0.000000	NaN	
NaN	0.000000	NaN	
NaN	0.000000	NaN	
NaN	0.000000	NaN	
NaN	0.000000	NaN	
NaN	0.000000	NaN	
NaN	0.000000	NaN	
NaN	0.000000	NaN	
NaN	0.000000	NaN	
NaN	0.000000	NaN	
NaN	0.000000	NaN	
NaN	0.000000	NaN	
NaN	0.000000	NaN	
NaN	0.000000	NaN	
NaN	0.000000	NaN	
NaN	0.000000	NaN	
NaN	0.000000	NaN	
NaN	0.000000	NaN	
NaN	0.000000	NaN	
NaN	0.000000	NaN	
NaN	0.000000	NaN	
NaN	0.000000	NaN	
NaN	0.000000	NaN	
NaN	0.000000	NaN	
NaN	0.000000	NaN	
NaN	0.000000	NaN	
NaN	0.000000	NaN	
NaN	0.000000	NaN	
NaN	0.000000	NaN	
NaN	0.000000	NaN	
NaN	0.000000	NaN	
NaN	0.000000	NaN	
NaN	0.000000	NaN	
NaN	0.739525	NaN	
