0.710706	0.988479	0.826888	
0.706668	0.987651	0.823861	
0.708773	0.988401	0.825551	
0.711534	0.988066	0.827304	
0.713019	0.988611	0.828498	
0.704804	0.988575	0.822913	
0.710775	0.988575	0.826969	
0.703838	0.988129	0.822099	
0.704252	0.988758	0.822600	
0.708187	0.988391	0.825150	
0.707842	0.988386	0.824914	
0.701077	0.987986	0.820164	
0.702043	0.987811	0.820764	
0.708532	0.988159	0.825303	
0.711017	0.988816	0.827217	
0.703389	0.987834	0.821691	
0.714123	0.987590	0.828883	
0.704873	0.988050	0.822778	
0.710948	0.987962	0.826871	
0.706150	0.988024	0.823638	
0.969462	0.984099	0.976726	
0.968354	0.985666	0.976934	
0.968196	0.982919	0.975502	
0.969146	0.984305	0.976666	
0.968935	0.982669	0.975754	
0.968143	0.984922	0.976461	
0.966772	0.985696	0.976142	
0.968354	0.984767	0.976492	
0.969462	0.984362	0.976855	
0.967089	0.985171	0.976046	
0.966034	0.984890	0.975371	
0.968513	0.985245	0.976807	
0.969726	0.985580	0.977589	
0.967563	0.984332	0.975876	
0.967458	0.984542	0.975925	
0.968776	0.985566	0.977099	
0.968196	0.983446	0.975761	
0.967563	0.985654	0.976525	
0.968724	0.985301	0.976942	
0.967458	0.985124	0.976211	
0.516970	0.895226	0.655440	
0.515294	0.885895	0.651584	
0.518227	0.895453	0.656510	
0.516802	0.894806	0.655193	
0.522920	0.896165	0.660457	
0.512277	0.886327	0.649283	
0.514623	0.889227	0.651945	
0.507416	0.885234	0.645075	
0.517305	0.889097	0.654058	
0.513282	0.885756	0.649936	
0.524596	0.892373	0.660756	
0.518394	0.890456	0.655297	
0.522417	0.896462	0.660137	
0.515294	0.888584	0.652310	
0.514121	0.892364	0.652382	
0.519651	0.893001	0.656990	
0.522752	0.889618	0.658538	
0.518646	0.892172	0.655962	
0.518646	0.887821	0.654782	
0.514707	0.888600	0.651844	
0.950283	0.950446	0.950364	
0.950626	0.950952	0.950789	
0.953369	0.948814	0.951086	
0.950969	0.949179	0.950073	
0.951654	0.953616	0.952634	
0.948568	0.955448	0.951996	
0.950454	0.947368	0.948909	
0.951312	0.950334	0.950822	
0.952169	0.954952	0.953558	
0.952340	0.956934	0.954631	
0.951312	0.952455	0.951883	
0.952340	0.951362	0.951851	
0.946683	0.951741	0.949205	
0.948397	0.958254	0.953300	
0.950111	0.956012	0.953052	
0.955769	0.950392	0.953073	
0.950626	0.949324	0.949974	
0.949597	0.958139	0.953849	
0.951483	0.949042	0.950261	
0.952683	0.949752	0.951215	
0.678219	0.911386	0.777702	
0.675111	0.908339	0.774548	
0.677690	0.910756	0.777125	
0.675045	0.912962	0.776181	
0.672399	0.909546	0.773197	
0.670745	0.910160	0.772324	
0.671738	0.909710	0.772819	
0.671870	0.909889	0.772971	
0.674383	0.909707	0.774566	
0.673127	0.909961	0.773828	
0.671539	0.913040	0.773886	
0.670084	0.912867	0.772857	
0.675640	0.910022	0.775509	
0.673854	0.908912	0.773929	
0.676963	0.911966	0.777086	
0.674317	0.907836	0.773843	
0.675706	0.908735	0.775084	
0.672730	0.908693	0.773107	
0.670349	0.912570	0.772927	
0.671605	0.908554	0.772314	
0.687799	0.606540	0.644619	
0.671053	0.598719	0.632826	
0.667464	0.587368	0.624860	
0.672249	0.589717	0.628284	
0.668660	0.598501	0.631638	
0.679426	0.599156	0.636771	
0.681818	0.596234	0.636161	
0.678230	0.588174	0.630000	
0.685407	0.608280	0.644544	
0.667464	0.600000	0.631937	
0.657895	0.595883	0.625355	
0.677033	0.594538	0.633110	
0.684211	0.582485	0.629263	
0.672249	0.579381	0.622370	
0.679426	0.583762	0.627971	
0.678230	0.590625	0.631403	
0.657895	0.593312	0.623936	
0.673445	0.604726	0.637238	
0.671053	0.579545	0.621951	
0.662679	0.602829	0.631339	
0.454771	0.856965	0.594209	
0.468993	0.834118	0.600402	
0.461717	0.831695	0.593790	
0.451629	0.840049	0.587438	
0.443691	0.841066	0.580925	
0.467174	0.831861	0.598327	
0.454606	0.838877	0.589661	
0.462874	0.830317	0.594394	
0.462543	0.843995	0.597586	
0.459732	0.827627	0.591112	
0.464197	0.835417	0.596790	
0.461220	0.834530	0.594099	
0.470812	0.849851	0.605938	
0.458740	0.831535	0.591282	
0.459071	0.843256	0.594496	
0.469820	0.832162	0.600571	
0.461882	0.835727	0.594952	
0.468166	0.827294	0.597951	
0.462874	0.848439	0.598973	
0.469324	0.838157	0.601717	
0.605670	0.583127	0.594185	
0.583763	0.577806	0.580769	
0.604381	0.605943	0.605161	
0.577320	0.584856	0.581064	
0.595361	0.605505	0.600390	
0.594072	0.596378	0.595223	
0.612113	0.619296	0.615684	
0.596649	0.578027	0.587191	
0.615979	0.600503	0.608142	
0.612113	0.585697	0.598614	
0.610825	0.621232	0.615984	
0.600515	0.598972	0.599743	
0.597938	0.605744	0.601816	
0.603093	0.586466	0.594663	
0.615979	0.593052	0.604298	
0.625000	0.587879	0.605871	
0.604381	0.604381	0.604381	
0.610825	0.597730	0.604207	
0.605670	0.578106	0.591567	
0.627577	0.581840	0.603844	
0.831084	0.825961	0.828514	
0.835826	0.830674	0.833242	
0.832908	0.832908	0.832908	
0.829624	0.832662	0.831140	
0.829259	0.832296	0.830775	
0.828895	0.824084	0.826482	
0.833273	0.826638	0.829942	
0.834002	0.824378	0.829162	
0.832178	0.826150	0.829153	
0.824152	0.832351	0.828231	
0.827435	0.832905	0.830161	
0.836191	0.823868	0.829984	
0.822328	0.825037	0.823680	
0.833637	0.831211	0.832423	
0.831084	0.835657	0.833364	
0.832908	0.827174	0.830031	
0.839110	0.835452	0.837277	
0.836191	0.820329	0.828184	
0.832908	0.833820	0.833364	
0.832908	0.833212	0.833060	
0.911730	0.878639	0.894879	
0.916046	0.885476	0.900501	
0.919969	0.886914	0.903139	
0.920361	0.878981	0.899195	
0.914084	0.898227	0.906086	
0.915261	0.882709	0.898690	
0.912515	0.887786	0.899981	
0.916830	0.882553	0.899365	
0.919969	0.894014	0.906806	
0.916438	0.879518	0.897598	
0.914084	0.884586	0.899093	
0.921146	0.876774	0.898412	
0.913692	0.899575	0.906578	
0.919576	0.885531	0.902232	
0.919576	0.885196	0.902059	
0.912122	0.888422	0.900116	
0.923107	0.880284	0.901187	
0.913692	0.880529	0.896804	
0.922715	0.875326	0.898396	
0.917615	0.884310	0.900655	
NaN	0.000000	NaN	
NaN	0.000000	NaN	
NaN	0.000000	NaN	
NaN	0.000000	NaN	
NaN	0.000000	NaN	
NaN	0.000000	NaN	
NaN	0.000000	NaN	
NaN	0.000000	NaN	
NaN	0.000000	NaN	
NaN	0.000000	NaN	
NaN	0.000000	NaN	
NaN	0.000000	NaN	
NaN	0.000000	NaN	
NaN	0.000000	NaN	
NaN	0.000000	NaN	
NaN	0.000000	NaN	
NaN	0.000000	NaN	
NaN	0.000000	NaN	
NaN	0.000000	NaN	
NaN	0.000000	NaN	
0.944695	0.974822	0.959522	
0.943443	0.975484	0.959196	
0.945571	0.974719	0.959924	
0.944069	0.974932	0.959252	
0.942067	0.974186	0.957858	
0.944882	0.974576	0.959499	
0.944945	0.974766	0.959624	
0.944319	0.975947	0.959873	
0.945633	0.974595	0.959896	
0.944257	0.975567	0.959657	
0.946697	0.974937	0.960609	
0.942255	0.974381	0.958048	
0.944007	0.975372	0.959433	
0.944319	0.975128	0.959476	
0.944632	0.974066	0.959123	
0.944382	0.974374	0.959143	
0.945258	0.975466	0.960125	
0.945758	0.974662	0.959992	
0.945633	0.974784	0.959987	
0.944632	0.975199	0.959672	
0.719485	0.907334	0.802564	
0.714888	0.912916	0.801856	
0.720558	0.909214	0.803967	
0.715884	0.910180	0.801424	
0.718642	0.911290	0.803581	
0.719255	0.910122	0.803510	
0.721860	0.909978	0.805076	
0.717186	0.908826	0.801713	
0.722244	0.909846	0.805262	
0.718412	0.909673	0.802808	
0.717186	0.907153	0.801061	
0.715271	0.908427	0.800360	
0.718566	0.908633	0.802499	
0.722320	0.907227	0.804283	
0.717799	0.910930	0.802914	
0.720864	0.911010	0.804859	
0.715807	0.909994	0.801304	
0.714428	0.904803	0.798424	
0.716344	0.911297	0.802145	
0.724542	0.903756	0.804287	
NaN	0.000000	NaN	
NaN	0.000000	NaN	
NaN	0.000000	NaN	
NaN	0.000000	NaN	
NaN	0.000000	NaN	
NaN	0.000000	NaN	
NaN	0.000000	NaN	
NaN	0.000000	NaN	
NaN	0.000000	NaN	
NaN	0.000000	NaN	
NaN	0.000000	NaN	
NaN	0.000000	NaN	
NaN	0.000000	NaN	
NaN	0.000000	NaN	
NaN	0.000000	NaN	
NaN	0.000000	NaN	
NaN	0.000000	NaN	
NaN	0.000000	NaN	
NaN	0.000000	NaN	
NaN	0.000000	NaN	
0.277836	0.792285	0.411402	
0.305931	0.798913	0.442438	
0.287201	0.833837	0.427245	
0.288241	0.778090	0.420653	
0.287201	0.807018	0.423638	
0.280957	0.825688	0.419255	
0.283039	0.761905	0.412747	
0.296566	0.807365	0.433790	
0.275754	0.795796	0.409583	
0.289282	0.817647	0.427364	
0.286160	0.770308	0.417299	
0.294485	0.781768	0.427816	
0.281998	0.780980	0.414373	
0.287201	0.811765	0.424289	
0.279917	0.795858	0.414165	
0.286160	0.801749	0.421779	
0.295525	0.802260	0.431939	
0.285120	0.787356	0.418640	
0.288241	0.767313	0.419062	
0.272633	0.761628	0.401533	
0.628860	0.955631	0.758551	
0.637282	0.958885	0.765685	
0.642897	0.963534	0.771217	
0.630919	0.956855	0.760433	
0.643084	0.960581	0.770404	
0.635972	0.962061	0.765746	
0.631668	0.941685	0.756133	
0.631855	0.956916	0.761132	
0.635785	0.952074	0.762428	
0.631293	0.959602	0.761571	
0.627363	0.949844	0.755636	
0.640838	0.960179	0.768661	
0.627737	0.958012	0.758480	
0.631668	0.954198	0.760135	
0.641587	0.955141	0.767577	
0.634662	0.953868	0.762194	
0.625678	0.954597	0.755907	
0.635785	0.959334	0.764746	
0.630357	0.957907	0.760357	
0.633352	0.952971	0.760962	
0.498323	0.613208	0.549828	
0.518927	0.627462	0.568057	
0.532343	0.617565	0.571796	
0.520364	0.613906	0.563278	
0.528031	0.634793	0.576511	
0.499760	0.610656	0.549671	
0.505510	0.606671	0.551490	
0.507427	0.592945	0.546863	
0.504073	0.623962	0.557646	
0.501198	0.619301	0.554025	
0.522760	0.633198	0.572703	
0.506469	0.596501	0.547810	
0.530906	0.608457	0.567042	
0.519406	0.628042	0.568581	
0.502635	0.623662	0.556646	
0.512218	0.614721	0.558808	
0.500240	0.630816	0.557990	
0.523239	0.615558	0.565657	
0.513177	0.610256	0.557522	
0.516531	0.614595	0.561312	
0.593957	0.637931	0.615159	
0.604344	0.633037	0.618357	
0.599622	0.644670	0.621331	
0.616619	0.648461	0.632139	
0.627007	0.641546	0.634193	
0.597734	0.649231	0.622419	
0.604344	0.632411	0.618059	
0.592068	0.656545	0.622642	
0.610954	0.636811	0.623614	
0.607177	0.651469	0.628543	
0.610009	0.644711	0.626880	
0.607177	0.626095	0.616491	
0.627951	0.618605	0.623243	
0.592068	0.642418	0.616216	
0.587347	0.647917	0.616147	
0.597734	0.641988	0.619071	
0.603399	0.632047	0.617391	
0.575071	0.657667	0.613602	
0.609065	0.642430	0.625303	
0.589235	0.620278	0.604358	
0.796793	0.996359	0.885471	
0.796075	0.996207	0.884968	
0.801540	0.996183	0.888324	
0.794440	0.996598	0.884110	
0.797272	0.996510	0.885826	
0.798508	0.995723	0.886277	
0.801500	0.997023	0.888633	
0.797751	0.995818	0.885848	
0.798827	0.996815	0.886906	
0.799466	0.996520	0.887182	
0.797112	0.995765	0.885433	
0.795078	0.995854	0.884212	
0.799745	0.996175	0.887217	
0.799146	0.996618	0.887025	
0.799625	0.996174	0.887144	
0.794759	0.996151	0.884132	
0.795956	0.996654	0.885070	
0.799266	0.996569	0.887079	
0.799904	0.996472	0.887434	
0.801500	0.996578	0.888457	
NaN	0.000000	NaN	
NaN	0.000000	NaN	
NaN	0.000000	NaN	
NaN	0.000000	NaN	
NaN	0.000000	NaN	
NaN	0.000000	NaN	
NaN	0.000000	NaN	
NaN	0.000000	NaN	
NaN	0.000000	NaN	
NaN	0.000000	NaN	
NaN	0.000000	NaN	
NaN	0.000000	NaN	
NaN	0.000000	NaN	
NaN	0.000000	NaN	
NaN	0.000000	NaN	
NaN	0.000000	NaN	
NaN	0.000000	NaN	
NaN	0.000000	NaN	
NaN	0.000000	NaN	
NaN	0.000000	NaN	
NaN	0.717710	NaN	
