0.985793	0.938546	0.961589	
0.985875	0.937891	0.961284	
0.986121	0.938858	0.961910	
0.984602	0.935364	0.959352	
0.985423	0.934286	0.959173	
0.985013	0.940339	0.962158	
0.985957	0.938592	0.961692	
0.986450	0.936535	0.960845	
0.985998	0.939733	0.962310	
0.986737	0.935677	0.960529	
0.985793	0.942007	0.963403	
0.985793	0.935219	0.959840	
0.985957	0.937566	0.961153	
0.985998	0.936179	0.960443	
0.985259	0.937085	0.960568	
0.985875	0.933442	0.958942	
0.985464	0.935745	0.959962	
0.985382	0.937166	0.960669	
0.986080	0.933274	0.958951	
0.985916	0.935846	0.960229	
0.990984	0.939695	0.964658	
0.990016	0.942291	0.965564	
0.989048	0.941153	0.964506	
0.989895	0.939794	0.964194	
0.991105	0.941322	0.965572	
0.990439	0.940041	0.964582	
0.990076	0.941481	0.965167	
0.990923	0.940555	0.965082	
0.990197	0.940298	0.964603	
0.991165	0.942788	0.966372	
0.990923	0.940015	0.964798	
0.989774	0.943582	0.966126	
0.989955	0.942071	0.965420	
0.988321	0.941492	0.964338	
0.990439	0.941285	0.965237	
0.989955	0.942776	0.965790	
0.990137	0.939484	0.964146	
0.989532	0.939450	0.963841	
0.990560	0.941508	0.965411	
0.990016	0.941478	0.965137	
0.896177	0.971355	0.932253	
0.901369	0.962702	0.931026	
0.904672	0.966230	0.934438	
0.898065	0.966972	0.931245	
0.904200	0.965726	0.933951	
0.895234	0.967857	0.930130	
0.904200	0.966213	0.934178	
0.901369	0.964646	0.931935	
0.900425	0.974962	0.936212	
0.905616	0.968214	0.935869	
0.889099	0.967146	0.926481	
0.886739	0.965570	0.924477	
0.896649	0.965938	0.930005	
0.899953	0.965570	0.931607	
0.897121	0.968909	0.931634	
0.902784	0.965187	0.932943	
0.900897	0.964629	0.931674	
0.901369	0.966110	0.932617	
0.900897	0.960262	0.929632	
0.894290	0.970799	0.930975	
0.841860	0.920600	0.879471	
0.841007	0.919799	0.878640	
0.841926	0.917447	0.878065	
0.844746	0.914507	0.878243	
0.841335	0.917328	0.877690	
0.839892	0.915297	0.875975	
0.829267	0.916159	0.870550	
0.846189	0.918809	0.881005	
0.826774	0.922497	0.872017	
0.843172	0.911185	0.875860	
0.835826	0.916499	0.874305	
0.839892	0.928235	0.881857	
0.844353	0.920223	0.880657	
0.832809	0.923485	0.875806	
0.846714	0.923192	0.883301	
0.827824	0.926380	0.874333	
0.845140	0.912988	0.877755	
0.826971	0.914352	0.868469	
0.838121	0.918686	0.876556	
0.847829	0.910923	0.878244	
0.619794	0.967625	0.755602	
0.625793	0.966517	0.759700	
0.614567	0.964367	0.750720	
0.620308	0.964686	0.755085	
0.621937	0.964006	0.756081	
0.619109	0.966167	0.754648	
0.623650	0.963718	0.757257	
0.623822	0.965645	0.757978	
0.615253	0.966483	0.751872	
0.617224	0.963354	0.752389	
0.620394	0.960849	0.753970	
0.622622	0.963788	0.756520	
0.624250	0.966180	0.758459	
0.617138	0.965286	0.752914	
0.618509	0.967301	0.754547	
0.623565	0.963331	0.757074	
0.622194	0.966458	0.757024	
0.624165	0.963875	0.757685	
0.625193	0.959369	0.757043	
0.616452	0.962923	0.751685	
0.990413	0.946949	0.968193	
0.988968	0.941960	0.964892	
0.992120	0.939322	0.965000	
0.989428	0.955001	0.971910	
0.992055	0.940957	0.965830	
0.992055	0.942130	0.966448	
0.992449	0.941448	0.966276	
0.991267	0.940444	0.965187	
0.984963	0.949427	0.966869	
0.990282	0.942798	0.965957	
0.990544	0.947610	0.968602	
0.991792	0.948148	0.969479	
0.992711	0.945170	0.968358	
0.989362	0.941688	0.964936	
0.992514	0.946581	0.969003	
0.992646	0.941283	0.966282	
0.992711	0.946235	0.968916	
0.992317	0.941264	0.966117	
0.992186	0.943490	0.967226	
0.986670	0.948911	0.967422	
0.575975	0.873478	0.694195	
0.575831	0.869292	0.692765	
0.578555	0.868330	0.694425	
0.580705	0.875135	0.698147	
0.579702	0.865027	0.694189	
0.580705	0.871370	0.696946	
0.580419	0.870565	0.696482	
0.577552	0.864221	0.692387	
0.579558	0.863704	0.693660	
0.573251	0.865397	0.689661	
0.571818	0.869821	0.690019	
0.580849	0.868410	0.696100	
0.569381	0.863291	0.686188	
0.575258	0.866926	0.691598	
0.576118	0.865045	0.691619	
0.583859	0.870113	0.698808	
0.583142	0.866823	0.697232	
0.573825	0.869084	0.691245	
0.574398	0.868444	0.691458	
0.574971	0.863138	0.690183	
0.908579	0.816344	0.859996	
0.907642	0.846894	0.876216	
0.909048	0.825809	0.865432	
0.912799	0.774463	0.837960	
0.912799	0.786031	0.844685	
0.912799	0.786349	0.844869	
0.914674	0.833405	0.872150	
0.908111	0.822156	0.862998	
0.913737	0.804707	0.855763	
0.912799	0.774155	0.837780	
0.910924	0.791446	0.846992	
0.908111	0.793852	0.847146	
0.911392	0.803306	0.853942	
0.902485	0.832252	0.865947	
0.906235	0.817336	0.859493	
0.915143	0.821895	0.866016	
0.916081	0.799836	0.854021	
0.910455	0.822881	0.864456	
0.906704	0.798843	0.849363	
0.902954	0.856000	0.878850	
NaN	0.000000	NaN	
NaN	0.000000	NaN	
NaN	0.000000	NaN	
NaN	0.000000	NaN	
NaN	0.000000	NaN	
NaN	0.000000	NaN	
NaN	0.000000	NaN	
NaN	0.000000	NaN	
NaN	0.000000	NaN	
NaN	0.000000	NaN	
NaN	0.000000	NaN	
NaN	0.000000	NaN	
NaN	0.000000	NaN	
NaN	0.000000	NaN	
NaN	0.000000	NaN	
NaN	0.000000	NaN	
NaN	0.000000	NaN	
NaN	0.000000	NaN	
NaN	0.000000	NaN	
NaN	0.000000	NaN	
0.991928	0.960259	0.975837	
0.992851	0.960509	0.976412	
0.991006	0.954677	0.972502	
0.991697	0.952592	0.971751	
0.990544	0.955931	0.972930	
0.989622	0.956958	0.973016	
0.990314	0.959124	0.974470	
0.990544	0.959348	0.974696	
0.990083	0.955274	0.972367	
0.993312	0.957537	0.975096	
0.990775	0.954455	0.972276	
0.988699	0.954576	0.971338	
0.987777	0.957095	0.972194	
0.990775	0.966045	0.978253	
0.992159	0.956000	0.973744	
0.990083	0.957618	0.973580	
0.991006	0.958296	0.974376	
0.990544	0.951906	0.970841	
0.991236	0.961736	0.976263	
0.990544	0.952117	0.970951	
NaN	0.830779	NaN	
