0.973465	0.997151	0.985166	
0.973193	0.996595	0.984755	
0.973423	0.996575	0.984863	
0.973047	0.997107	0.984930	
0.973674	0.996426	0.984919	
0.973068	0.996872	0.984826	
0.973528	0.996405	0.984833	
0.973862	0.996257	0.984932	
0.973653	0.997024	0.985200	
0.972399	0.997105	0.984597	
0.973946	0.997025	0.985350	
0.972148	0.997041	0.984437	
0.973821	0.996704	0.985130	
0.973883	0.996342	0.984985	
0.973737	0.996811	0.985139	
0.973883	0.996662	0.985141	
0.973967	0.996683	0.985194	
0.974406	0.996152	0.985159	
0.973465	0.996810	0.984999	
0.973737	0.996448	0.984962	
0.963683	0.993234	0.978235	
0.964194	0.992773	0.978275	
0.963285	0.993960	0.978382	
0.962376	0.993138	0.977515	
0.964109	0.992772	0.978231	
0.963200	0.993115	0.977928	
0.963257	0.992214	0.977521	
0.963939	0.992945	0.978227	
0.963882	0.993468	0.978452	
0.963313	0.992447	0.977663	
0.964194	0.993093	0.978430	
0.962972	0.994133	0.978304	
0.964194	0.993267	0.978515	
0.963115	0.992881	0.977771	
0.963910	0.993149	0.978311	
0.962035	0.993631	0.977578	
0.964393	0.992397	0.978195	
0.963342	0.992767	0.977833	
0.964450	0.992688	0.978365	
0.962859	0.992967	0.977681	
0.957237	0.949928	0.953568	
0.959180	0.950177	0.954657	
0.955374	0.953443	0.954408	
0.955212	0.949368	0.952281	
0.956589	0.949666	0.953115	
0.959504	0.948519	0.953980	
0.956427	0.947373	0.951878	
0.958208	0.949290	0.953728	
0.956022	0.948265	0.952127	
0.962015	0.947133	0.954516	
0.951405	0.949406	0.950405	
0.954888	0.948817	0.951843	
0.955131	0.949288	0.952200	
0.956427	0.948133	0.952262	
0.957318	0.947419	0.952343	
0.959747	0.949367	0.954529	
0.959747	0.947394	0.953530	
0.960557	0.947133	0.953798	
0.952134	0.951210	0.951672	
0.952539	0.951537	0.952038	
0.944285	0.981209	0.962393	
0.952031	0.981174	0.966383	
0.961881	0.981180	0.971435	
0.957032	0.981025	0.968880	
0.948920	0.981795	0.965078	
0.941327	0.982025	0.961246	
0.956727	0.979978	0.968213	
0.949012	0.983068	0.965740	
0.952153	0.981362	0.966537	
0.949042	0.981890	0.965187	
0.947335	0.980680	0.963719	
0.955934	0.981834	0.968711	
0.940229	0.981348	0.960349	
0.963375	0.979900	0.971567	
0.958587	0.979771	0.969064	
0.943309	0.982249	0.962386	
0.962674	0.980220	0.971368	
0.960204	0.979744	0.969875	
0.953037	0.981286	0.966955	
0.954654	0.979598	0.966965	
0.960398	0.983722	0.971920	
0.954842	0.985793	0.970071	
0.954745	0.990616	0.972350	
0.956586	0.989442	0.972737	
0.958105	0.988733	0.973178	
0.960366	0.986266	0.973144	
0.957071	0.985793	0.971220	
0.957911	0.988764	0.973093	
0.954422	0.990380	0.972069	
0.954584	0.988560	0.971275	
0.951192	0.990881	0.970631	
0.956812	0.985101	0.970751	
0.956457	0.985751	0.970883	
0.951224	0.988719	0.969609	
0.959300	0.984747	0.971857	
0.955779	0.987254	0.971262	
0.960301	0.987084	0.973508	
0.957265	0.985304	0.971082	
0.959494	0.981691	0.970465	
0.957103	0.987864	0.972240	
0.969885	0.983826	0.976806	
0.971006	0.981592	0.976270	
0.970982	0.983728	0.977314	
0.971566	0.983761	0.977625	
0.971543	0.981834	0.976661	
0.971262	0.983546	0.977366	
0.972290	0.981501	0.976873	
0.972757	0.981741	0.977228	
0.969908	0.986209	0.977991	
0.972103	0.982423	0.977236	
0.972780	0.980794	0.976770	
0.971729	0.982092	0.976883	
0.970539	0.984489	0.977464	
0.971099	0.985221	0.978109	
0.971776	0.983114	0.977412	
0.970726	0.983887	0.977262	
0.969838	0.987028	0.978358	
0.970095	0.984296	0.977144	
0.971356	0.982967	0.977127	
0.971426	0.983456	0.977404	
NaN	0.000000	NaN	
NaN	0.000000	NaN	
NaN	0.000000	NaN	
NaN	0.000000	NaN	
NaN	0.000000	NaN	
NaN	0.000000	NaN	
NaN	0.000000	NaN	
NaN	0.000000	NaN	
NaN	0.000000	NaN	
NaN	0.000000	NaN	
NaN	0.000000	NaN	
NaN	0.000000	NaN	
NaN	0.000000	NaN	
NaN	0.000000	NaN	
NaN	0.000000	NaN	
NaN	0.000000	NaN	
NaN	0.000000	NaN	
NaN	0.000000	NaN	
NaN	0.000000	NaN	
NaN	0.000000	NaN	
0.969619	0.978806	0.974191	
0.970304	0.975172	0.972732	
0.971103	0.981207	0.976129	
0.970247	0.978678	0.974444	
0.970104	0.977522	0.973799	
0.970817	0.977762	0.974277	
0.970019	0.978363	0.974173	
0.969562	0.979877	0.974692	
0.969362	0.975877	0.972609	
0.970703	0.972951	0.971826	
0.970047	0.977155	0.973588	
0.970133	0.978535	0.974316	
0.969933	0.978221	0.974059	
0.970703	0.977114	0.973898	
0.969106	0.975786	0.972435	
0.971359	0.977326	0.974333	
0.970275	0.976992	0.973622	
0.970675	0.975014	0.972839	
0.969762	0.976587	0.973163	
0.970874	0.978973	0.974907	
NaN	0.000000	NaN	
NaN	0.000000	NaN	
NaN	0.000000	NaN	
NaN	0.000000	NaN	
NaN	0.000000	NaN	
NaN	0.000000	NaN	
NaN	0.000000	NaN	
NaN	0.000000	NaN	
NaN	0.000000	NaN	
NaN	0.000000	NaN	
NaN	0.000000	NaN	
NaN	0.000000	NaN	
NaN	0.000000	NaN	
NaN	0.000000	NaN	
NaN	0.000000	NaN	
NaN	0.000000	NaN	
NaN	0.000000	NaN	
NaN	0.000000	NaN	
NaN	0.000000	NaN	
NaN	0.000000	NaN	
NaN	0.000000	NaN	
NaN	0.000000	NaN	
NaN	0.000000	NaN	
NaN	0.000000	NaN	
NaN	0.000000	NaN	
NaN	0.000000	NaN	
NaN	0.000000	NaN	
NaN	0.000000	NaN	
NaN	0.000000	NaN	
NaN	0.000000	NaN	
NaN	0.000000	NaN	
NaN	0.000000	NaN	
NaN	0.000000	NaN	
NaN	0.000000	NaN	
NaN	0.000000	NaN	
NaN	0.000000	NaN	
NaN	0.000000	NaN	
NaN	0.000000	NaN	
NaN	0.000000	NaN	
NaN	0.000000	NaN	
NaN	0.686787	NaN	
