0.892597	0.965730	0.927724	
0.898668	0.966247	0.931233	
0.902151	0.965642	0.932817	
0.893444	0.967533	0.929014	
0.900080	0.967129	0.932400	
0.899374	0.963787	0.930467	
0.900127	0.963719	0.930838	
0.903610	0.965793	0.933667	
0.892314	0.964589	0.927045	
0.897397	0.962931	0.929010	
0.899045	0.968219	0.932351	
0.907987	0.963684	0.935007	
0.895421	0.968193	0.930386	
0.900645	0.964905	0.931668	
0.888361	0.970786	0.927746	
0.900645	0.965441	0.931918	
0.887843	0.967087	0.925772	
0.895703	0.965992	0.929520	
0.895232	0.962163	0.927492	
0.904787	0.963754	0.933340	
0.817025	0.979751	0.891019	
0.819016	0.978886	0.891843	
0.836249	0.974175	0.899958	
0.818583	0.980195	0.892129	
0.818497	0.979888	0.891951	
0.781174	0.981504	0.869955	
0.822567	0.978068	0.893603	
0.825165	0.976732	0.894574	
0.822740	0.972566	0.891401	
0.774593	0.982643	0.866302	
0.800485	0.980068	0.881220	
0.831573	0.972653	0.896597	
0.823433	0.974383	0.892571	
0.824385	0.977814	0.894569	
0.843956	0.972752	0.903788	
0.790440	0.972409	0.872032	
0.780135	0.977327	0.867668	
0.837201	0.974400	0.900605	
0.807759	0.980965	0.885976	
0.839366	0.973486	0.901465	
0.895938	0.964874	0.929129	
0.906481	0.961942	0.933388	
0.901351	0.969033	0.933967	
0.899986	0.968104	0.932803	
0.900221	0.963577	0.930822	
0.898621	0.962494	0.929462	
0.892926	0.971279	0.930456	
0.903845	0.964008	0.932958	
0.899798	0.966972	0.932176	
0.904175	0.968931	0.935434	
0.897868	0.971482	0.933226	
0.890479	0.967330	0.927315	
0.911611	0.962818	0.936515	
0.897491	0.966155	0.930558	
0.887419	0.964006	0.924129	
0.903186	0.962194	0.931757	
0.905116	0.962368	0.932864	
0.893067	0.967569	0.928827	
0.881395	0.961148	0.919545	
0.902339	0.967013	0.933557	
0.896705	0.971164	0.932450	
0.899992	0.974204	0.935629	
0.892267	0.971285	0.930101	
0.897691	0.972838	0.933755	
0.900074	0.971527	0.934437	
0.899252	0.972193	0.934301	
0.897033	0.970829	0.932473	
0.897609	0.969813	0.932315	
0.896212	0.971322	0.932256	
0.895308	0.975468	0.933670	
0.896869	0.971342	0.932621	
0.900156	0.975510	0.936319	
0.897444	0.974219	0.934257	
0.896540	0.972718	0.933077	
0.897198	0.970058	0.932206	
0.893829	0.971594	0.931091	
0.895226	0.972505	0.932266	
0.897609	0.972230	0.933430	
0.896623	0.974370	0.933881	
0.896623	0.974196	0.933801	
0.949084	0.922450	0.935577	
0.952282	0.922536	0.937173	
0.951072	0.913181	0.931741	
0.948824	0.916194	0.932224	
0.948479	0.915478	0.931686	
0.947873	0.930341	0.939025	
0.951850	0.921114	0.936230	
0.951245	0.929078	0.940031	
0.949602	0.916562	0.932790	
0.946317	0.930630	0.938408	
0.951591	0.913982	0.932407	
0.951850	0.922349	0.936867	
0.951245	0.919452	0.935078	
0.951245	0.919375	0.935038	
0.951591	0.920171	0.935617	
0.944416	0.926554	0.935400	
0.951158	0.924466	0.937622	
0.948565	0.921481	0.934827	
0.949257	0.929097	0.939069	
0.951591	0.922716	0.936931	
0.876759	0.955223	0.914311	
0.867564	0.960042	0.911463	
0.870592	0.956744	0.911637	
0.869470	0.959057	0.912069	
0.880852	0.952121	0.915101	
0.867115	0.960320	0.911341	
0.865377	0.958157	0.909407	
0.866330	0.956422	0.909150	
0.878497	0.956883	0.916016	
0.877656	0.953579	0.914044	
0.876535	0.957611	0.915281	
0.871377	0.955605	0.911549	
0.876030	0.952741	0.912777	
0.869358	0.959824	0.912354	
0.865153	0.959637	0.909949	
0.866835	0.956269	0.909358	
0.870872	0.955051	0.911021	
0.874348	0.955925	0.913318	
0.877320	0.956477	0.915190	
0.874012	0.957259	0.913743	
0.805216	0.939884	0.867354	
0.810499	0.944231	0.872269	
0.804556	0.942382	0.868032	
0.806867	0.934251	0.865899	
0.803896	0.945264	0.868867	
0.806867	0.941811	0.869132	
0.811159	0.945727	0.873289	
0.809178	0.938002	0.868841	
0.802575	0.945914	0.868369	
0.805216	0.946449	0.870139	
0.805877	0.941381	0.868374	
0.809178	0.946332	0.872397	
0.801915	0.942935	0.866726	
0.804226	0.940541	0.867058	
0.803235	0.939020	0.865836	
0.806867	0.943265	0.869751	
0.801255	0.948417	0.868647	
0.800924	0.950627	0.869378	
0.807527	0.946228	0.871393	
0.804226	0.947123	0.869845	
0.795915	0.887922	0.839405	
0.799443	0.887080	0.840985	
0.797214	0.893444	0.842591	
0.799814	0.890428	0.842692	
0.793129	0.884998	0.836549	
0.806685	0.901058	0.851264	
0.798886	0.889946	0.841961	
0.811513	0.896778	0.852018	
0.798329	0.881846	0.838012	
0.806314	0.896737	0.849125	
0.803528	0.897532	0.847933	
0.807428	0.887891	0.845750	
0.807614	0.902095	0.852244	
0.800371	0.884284	0.840238	
0.804271	0.888046	0.844085	
0.800743	0.889622	0.842846	
0.795915	0.881893	0.836701	
0.801114	0.890035	0.843237	
0.806128	0.903246	0.851928	
0.806685	0.890712	0.846619	
0.851053	0.940663	0.893617	
0.841842	0.944773	0.890342	
0.844211	0.944363	0.891483	
0.843947	0.941297	0.889968	
0.852105	0.938551	0.893241	
0.848158	0.945439	0.894160	
0.844474	0.944935	0.891884	
0.851053	0.945614	0.895845	
0.843947	0.942681	0.890586	
0.842368	0.939812	0.888426	
0.853158	0.945465	0.896943	
0.845000	0.939988	0.889967	
0.837895	0.943967	0.887774	
0.842105	0.940347	0.888519	
0.851842	0.943457	0.895312	
0.850789	0.940099	0.893217	
0.843684	0.944052	0.891051	
0.848158	0.943501	0.893293	
0.851842	0.947045	0.896924	
0.847632	0.942640	0.892615	
0.854497	0.935293	0.893072	
0.855413	0.927618	0.890053	
0.856939	0.929581	0.891783	
0.850529	0.929191	0.888122	
0.853175	0.926827	0.888477	
0.850326	0.932389	0.889468	
0.848698	0.930500	0.887718	
0.853480	0.932518	0.891250	
0.852462	0.932962	0.890897	
0.854904	0.927783	0.889854	
0.855515	0.931944	0.892095	
0.852768	0.934545	0.891785	
0.853989	0.931624	0.891119	
0.852055	0.934494	0.891373	
0.858262	0.927739	0.891649	
0.853073	0.929490	0.889643	
0.848494	0.929240	0.887033	
0.847782	0.929288	0.886666	
0.843305	0.934491	0.886559	
0.841168	0.931388	0.883982	
0.863745	0.946809	0.902701	
