0.954287	0.987911	0.970808	
0.954856	0.987045	0.970684	
0.955141	0.987776	0.971184	
0.953859	0.989073	0.971147	
0.951011	0.988747	0.969512	
0.953432	0.988484	0.970642	
0.954002	0.989513	0.971433	
0.950869	0.986409	0.968313	
0.955711	0.988220	0.971693	
0.953717	0.989071	0.971072	
0.953574	0.986301	0.969662	
0.955426	0.988216	0.971544	
0.954999	0.987483	0.970969	
0.951438	0.988606	0.969666	
0.950726	0.989330	0.969644	
0.954571	0.987769	0.970886	
0.952862	0.988769	0.970484	
0.954714	0.988208	0.971172	
0.956707	0.987941	0.972074	
0.953290	0.989212	0.970919	
0.962347	0.983021	0.972575	
0.962687	0.980989	0.971751	
0.962347	0.980643	0.971409	
0.962008	0.980975	0.971399	
0.962347	0.979627	0.970910	
0.963365	0.981341	0.972270	
0.963365	0.979648	0.971438	
0.960651	0.983333	0.971860	
0.960651	0.980949	0.970694	
0.962687	0.982007	0.972251	
0.958955	0.984331	0.971478	
0.965739	0.981386	0.973500	
0.962008	0.980636	0.971233	
0.961669	0.981648	0.971556	
0.962347	0.982681	0.972408	
0.961669	0.981308	0.971389	
0.962347	0.983362	0.972741	
0.962008	0.979620	0.970734	
0.960312	0.981963	0.971017	
0.961330	0.983004	0.972046	
0.881962	0.980132	0.928459	
0.884712	0.980193	0.930008	
0.883796	0.979924	0.929381	
0.884254	0.978195	0.928855	
0.882879	0.982152	0.929873	
0.883796	0.979177	0.929045	
0.887234	0.979504	0.931088	
0.884942	0.979204	0.929689	
0.884942	0.980447	0.930249	
0.884483	0.980935	0.930216	
0.882420	0.977157	0.927376	
0.886317	0.980974	0.931246	
0.884254	0.980183	0.929751	
0.888838	0.981275	0.932772	
0.884942	0.979701	0.929913	
0.884712	0.978454	0.929225	
0.881962	0.980132	0.928459	
0.883108	0.978913	0.928546	
0.883108	0.977671	0.927987	
0.886775	0.978998	0.930607	
0.962688	0.933225	0.947728	
0.963167	0.931314	0.946972	
0.961492	0.931202	0.946105	
0.961492	0.931634	0.946328	
0.964363	0.933117	0.948483	
0.962449	0.935162	0.948609	
0.963167	0.933040	0.947864	
0.961253	0.932483	0.946649	
0.962210	0.932113	0.946922	
0.961971	0.934262	0.947914	
0.963167	0.934122	0.948422	
0.962210	0.931897	0.946811	
0.964363	0.932901	0.948371	
0.961971	0.930803	0.946130	
0.961014	0.932900	0.946748	
0.961014	0.932034	0.946302	
0.961253	0.933349	0.947096	
0.961971	0.934262	0.947914	
0.960536	0.933953	0.947058	
0.961732	0.932298	0.946786	
0.815185	0.983665	0.891535	
0.814008	0.980156	0.889389	
0.811065	0.981481	0.888173	
0.819305	0.980973	0.892880	
0.810477	0.977289	0.886100	
0.812242	0.980114	0.888317	
0.820483	0.981690	0.893876	
0.819305	0.982357	0.893453	
0.815774	0.979505	0.890173	
0.818128	0.979563	0.891597	
0.819894	0.979606	0.892663	
0.821071	0.981013	0.893944	
0.818128	0.983723	0.893316	
0.809888	0.982156	0.887742	
0.815185	0.982967	0.891248	
0.811654	0.987822	0.891115	
0.821660	0.981026	0.894299	
0.820483	0.980999	0.893590	
0.816363	0.981599	0.891388	
0.818128	0.980254	0.891883	
0.952008	0.987736	0.969543	
0.955568	0.988218	0.971619	
0.952150	0.988322	0.969899	
0.954287	0.989077	0.971371	
0.950869	0.987868	0.969015	
0.953432	0.988192	0.970501	
0.952008	0.987445	0.969403	
0.952435	0.988472	0.970119	
0.954144	0.988492	0.971014	
0.954999	0.987338	0.970899	
0.954287	0.988202	0.970948	
0.954144	0.988638	0.971085	
0.956992	0.989982	0.973208	
0.955283	0.988651	0.971681	
0.954999	0.988502	0.971462	
0.954571	0.988935	0.971449	
0.948875	0.988722	0.968389	
0.955283	0.989235	0.971963	
0.951296	0.987727	0.969169	
0.954144	0.988055	0.970803	
0.971334	0.989517	0.980341	
0.972804	0.988424	0.980552	
0.972437	0.988051	0.980182	
0.970599	0.989139	0.979781	
0.971334	0.991745	0.981433	
0.973172	0.990277	0.981650	
0.972804	0.989533	0.981097	
0.972437	0.989899	0.981090	
0.970599	0.989880	0.980145	
0.971702	0.990633	0.981076	
0.974274	0.988073	0.981125	
0.973907	0.989914	0.981845	
0.972437	0.990269	0.981272	
0.973172	0.989167	0.981104	
0.970967	0.992860	0.981791	
0.968761	0.990605	0.979562	
0.971334	0.989888	0.980523	
0.968761	0.989489	0.979016	
0.969864	0.990988	0.980312	
0.966556	0.991331	0.978787	
0.929518	0.974576	0.951514	
0.931135	0.973960	0.952066	
0.936308	0.969535	0.952632	
0.928225	0.974542	0.950820	
0.932428	0.973995	0.952759	
0.934368	0.972082	0.952852	
0.931781	0.972991	0.951941	
0.929842	0.976902	0.952791	
0.928548	0.973229	0.950364	
0.931458	0.970034	0.950355	
0.928872	0.973898	0.950852	
0.924669	0.973120	0.948276	
0.932105	0.973329	0.952271	
0.933075	0.972700	0.952475	
0.935338	0.972110	0.953370	
0.931781	0.973978	0.952412	
0.930812	0.974941	0.952365	
0.931458	0.973969	0.952239	
0.933398	0.972381	0.952491	
0.932105	0.973658	0.952428	
0.931043	0.968045	0.949184	
0.931818	0.965222	0.948226	
0.926136	0.968927	0.947049	
0.927169	0.967655	0.946980	
0.928719	0.968228	0.948062	
0.929494	0.964104	0.946483	
0.928202	0.967429	0.947410	
0.925620	0.965257	0.945023	
0.928977	0.968237	0.948201	
0.924845	0.965750	0.944855	
0.926136	0.966316	0.945800	
0.928461	0.968481	0.948049	
0.933110	0.965526	0.949041	
0.932076	0.966006	0.948738	
0.926653	0.965554	0.945704	
0.931818	0.965480	0.948351	
0.929236	0.966425	0.947465	
0.928461	0.964065	0.945928	
0.927686	0.969501	0.948133	
0.927169	0.965833	0.946106	
0.950412	0.969149	0.959689	
0.949159	0.964526	0.956781	
0.953455	0.968540	0.960938	
0.949517	0.968413	0.958872	
0.953634	0.965211	0.959388	
0.952202	0.965336	0.958724	
0.953634	0.966086	0.959820	
0.952381	0.966745	0.959509	
0.951844	0.966025	0.958882	
0.950949	0.966170	0.958499	
0.951486	0.966715	0.959040	
0.950949	0.968636	0.959711	
0.950233	0.969498	0.959769	
0.951128	0.967407	0.959198	
0.955603	0.966154	0.960850	
0.952739	0.967109	0.959870	
0.951665	0.965668	0.958615	
0.952560	0.966400	0.959430	
0.952918	0.969934	0.961351	
0.950770	0.967219	0.958924	
0.931578	0.974902	0.952045	
