0.856473	0.999466	0.922461	
0.831681	0.999817	0.908031	
0.846289	0.999369	0.916481	
0.838317	0.999500	0.911840	
0.849340	0.999461	0.918306	
0.843886	0.999684	0.915202	
0.843619	0.999142	0.914817	
0.845297	0.999594	0.915993	
0.845488	0.999279	0.915973	
0.841178	0.999728	0.913625	
0.835075	0.999817	0.910051	
0.846518	0.999685	0.916748	
0.842360	0.999638	0.914285	
0.848501	0.999506	0.917834	
0.839156	0.999546	0.912356	
0.845221	0.999414	0.915873	
0.850446	0.999776	0.919085	
0.841483	0.999819	0.913843	
0.830880	0.999266	0.907326	
0.844725	0.999278	0.915525	
0.950382	0.778125	0.855670	
0.967557	0.833196	0.895364	
0.931298	0.801972	0.861810	
0.965649	0.805732	0.878472	
0.923664	0.792144	0.852863	
0.952290	0.810065	0.875439	
0.935115	0.769835	0.844464	
0.955153	0.827273	0.886625	
0.956107	0.819967	0.882819	
0.943702	0.793103	0.861874	
0.966603	0.835809	0.896460	
0.935115	0.815987	0.871498	
0.952290	0.806791	0.873523	
0.958969	0.811138	0.878881	
0.960878	0.813409	0.881015	
0.960878	0.833609	0.892730	
0.948473	0.805511	0.871166	
0.935115	0.799347	0.861917	
0.938931	0.809211	0.869258	
0.930344	0.793974	0.856766	
0.934808	0.616980	0.743346	
0.938882	0.627382	0.752157	
0.927823	0.630538	0.750824	
0.930151	0.626421	0.748653	
0.928987	0.665000	0.775134	
0.929569	0.620435	0.744175	
0.920256	0.643468	0.757365	
0.931898	0.647130	0.763836	
0.944121	0.680940	0.791220	
0.919674	0.660259	0.768669	
0.924913	0.637385	0.754690	
0.940047	0.614068	0.742870	
0.932480	0.606359	0.734862	
0.935972	0.618224	0.744617	
0.941793	0.612647	0.742372	
0.926659	0.627513	0.748296	
0.932480	0.621894	0.746157	
0.936554	0.644373	0.763464	
0.937136	0.626947	0.751283	
0.928405	0.663202	0.773708	
0.915464	0.809480	0.859216	
0.924742	0.811765	0.864578	
0.916495	0.835526	0.874140	
0.923711	0.822018	0.869903	
0.919588	0.834425	0.874939	
0.919588	0.786596	0.847909	
0.919588	0.819853	0.866861	
0.921649	0.769363	0.838649	
0.919588	0.812386	0.862669	
0.919588	0.801438	0.856457	
0.930928	0.753128	0.832642	
0.921649	0.834734	0.876041	
0.916495	0.786726	0.846667	
0.919588	0.819100	0.866440	
0.917526	0.828678	0.870841	
0.917526	0.834114	0.873834	
0.923711	0.775758	0.843294	
0.926804	0.827047	0.874088	
0.920619	0.793778	0.852506	
0.919588	0.808704	0.860589	
0.926663	0.724842	0.813421	
0.947172	0.718529	0.817158	
0.928527	0.748872	0.829079	
0.936607	0.738364	0.825753	
0.937228	0.727448	0.819120	
0.940957	0.770483	0.847230	
0.934742	0.734734	0.822757	
0.934742	0.729743	0.819619	
0.941579	0.735794	0.826063	
0.942200	0.718483	0.815273	
0.945929	0.720985	0.818280	
0.944065	0.736663	0.827567	
0.944065	0.719223	0.816447	
0.935985	0.689560	0.794094	
0.935364	0.756281	0.836343	
0.935364	0.762025	0.839844	
0.926663	0.728383	0.815646	
0.913611	0.724852	0.808359	
0.942200	0.738791	0.828189	
0.937228	0.738854	0.826301	
0.926907	0.796178	0.856583	
0.923729	0.820320	0.868959	
0.932203	0.823970	0.874751	
0.922669	0.825592	0.871436	
0.914195	0.819563	0.864296	
0.929025	0.829707	0.876562	
0.927966	0.822535	0.872076	
0.924788	0.845111	0.883156	
0.924788	0.844294	0.882710	
0.927966	0.825636	0.873815	
0.920551	0.837994	0.877335	
0.925847	0.830009	0.875313	
0.929025	0.857283	0.891713	
0.925847	0.838772	0.880161	
0.925847	0.823751	0.871820	
0.919492	0.841085	0.878543	
0.923729	0.832061	0.875502	
0.935381	0.827554	0.878170	
0.927966	0.843931	0.883956	
0.922669	0.836695	0.877582	
0.771010	0.799361	0.784929	
0.763300	0.762125	0.762712	
0.760987	0.764524	0.762751	
0.767155	0.795364	0.781005	
0.764842	0.788553	0.776517	
0.771010	0.760456	0.765697	
0.763300	0.762712	0.763006	
0.762529	0.793103	0.777516	
0.762529	0.775686	0.769051	
0.761758	0.737313	0.749336	
0.771781	0.785098	0.778383	
0.757903	0.786400	0.771888	
0.763300	0.793905	0.778302	
0.767926	0.798077	0.782711	
0.773323	0.771538	0.772430	
0.765613	0.746056	0.755708	
0.774094	0.812298	0.792736	
0.773323	0.791009	0.782066	
0.766384	0.766975	0.766680	
0.770239	0.781690	0.775922	
0.947321	0.694826	0.801662	
0.954464	0.713618	0.816654	
0.968750	0.735095	0.835901	
0.960714	0.717812	0.821688	
0.969643	0.726421	0.830593	
0.967857	0.751213	0.845884	
0.958036	0.741534	0.835995	
0.964286	0.736698	0.835267	
0.948214	0.710843	0.812548	
0.967857	0.759636	0.851197	
0.968750	0.737593	0.837514	
0.964286	0.728745	0.830131	
0.959821	0.713338	0.818424	
0.956250	0.735072	0.831199	
0.947321	0.725222	0.821525	
0.967857	0.749136	0.844566	
0.960714	0.722148	0.824521	
0.955357	0.709549	0.814307	
0.967857	0.729475	0.831926	
0.961607	0.773707	0.857484	
0.870813	0.645390	0.741344	
0.875598	0.626712	0.730539	
0.856459	0.621528	0.720322	
0.873206	0.613445	0.720632	
0.870813	0.634146	0.733871	
0.889952	0.657244	0.756098	
0.861244	0.605042	0.710760	
0.856459	0.590759	0.699219	
0.875598	0.634315	0.735678	
0.885167	0.627119	0.734127	
0.880383	0.604269	0.716650	
0.870813	0.605657	0.714426	
0.877990	0.637153	0.738431	
0.868421	0.623711	0.726000	
0.856459	0.594684	0.701961	
0.875598	0.603960	0.714844	
0.875598	0.633218	0.734940	
0.870813	0.623288	0.726547	
0.875598	0.652406	0.747702	
0.868421	0.645907	0.740816	
0.941176	0.561404	0.703297	
0.911765	0.492063	0.639175	
0.970588	0.568966	0.717391	
0.911765	0.516667	0.659574	
0.941176	0.551724	0.695652	
0.941176	0.484848	0.640000	
0.970588	0.532258	0.687500	
0.882353	0.508475	0.645161	
0.794118	0.551020	0.650602	
0.941176	0.524590	0.673684	
0.941176	0.571429	0.711111	
0.970588	0.559322	0.709677	
0.852941	0.547170	0.666667	
0.911765	0.516667	0.659574	
0.882353	0.517241	0.652174	
0.911765	0.543860	0.681319	
0.882353	0.535714	0.666667	
0.941176	0.571429	0.711111	
0.823529	0.518519	0.636364	
0.882353	0.566038	0.689655	
0.901618	0.748455	0.810524	
