0.651218	0.957763	0.775289	
0.651020	0.961392	0.776334	
0.650624	0.955497	0.774125	
0.653199	0.957052	0.776457	
0.647653	0.956140	0.772228	
0.648049	0.956166	0.772518	
0.652406	0.957280	0.775972	
0.650228	0.957981	0.774658	
0.653199	0.957329	0.776548	
0.652406	0.957558	0.776063	
0.656566	0.959201	0.779541	
0.649436	0.960457	0.774903	
0.652406	0.959790	0.776795	
0.652010	0.960887	0.776873	
0.655971	0.953094	0.777100	
0.652406	0.961191	0.777253	
0.650030	0.959649	0.775062	
0.651812	0.959755	0.776362	
0.654585	0.959361	0.778196	
0.655575	0.957201	0.778183	
0.730052	0.956055	0.827907	
0.739746	0.961240	0.836072	
0.729306	0.957884	0.828112	
0.735272	0.960078	0.832770	
0.739746	0.955684	0.833964	
0.735272	0.956353	0.831366	
0.735272	0.962891	0.833827	
0.736018	0.954545	0.831158	
0.737509	0.953713	0.831791	
0.736764	0.956438	0.832350	
0.737509	0.957406	0.833193	
0.737509	0.954633	0.832141	
0.742729	0.962319	0.838384	
0.741984	0.960425	0.837190	
0.735272	0.956353	0.831366	
0.735272	0.957282	0.831717	
0.735272	0.964775	0.834532	
0.739746	0.961240	0.836072	
0.742729	0.956772	0.836272	
0.730798	0.964567	0.831566	
0.684423	0.923287	0.786111	
0.685098	0.921681	0.785972	
0.682401	0.924482	0.785206	
0.683974	0.922121	0.785392	
0.683524	0.919009	0.783965	
0.682176	0.919976	0.783428	
0.679254	0.924725	0.783206	
0.686671	0.921569	0.786965	
0.679479	0.920244	0.781743	
0.680378	0.927958	0.785112	
0.682625	0.924224	0.785262	
0.682850	0.922003	0.784607	
0.683749	0.922377	0.785336	
0.685547	0.919506	0.785475	
0.683974	0.922680	0.785594	
0.684199	0.923544	0.786056	
0.677231	0.923950	0.781582	
0.682850	0.921723	0.784506	
0.683749	0.922657	0.785438	
0.688020	0.922822	0.788308	
0.651218	0.959160	0.775746	
0.654189	0.958781	0.777725	
0.651614	0.961707	0.776860	
0.654981	0.960500	0.778851	
0.651218	0.959160	0.775746	
0.652604	0.960082	0.777031	
0.651218	0.961404	0.776479	
0.655377	0.958853	0.778588	
0.647257	0.959202	0.772942	
0.654585	0.959361	0.778196	
0.646861	0.960306	0.773018	
0.652604	0.958685	0.776573	
0.650426	0.954929	0.773798	
0.652803	0.960093	0.777175	
0.654783	0.960488	0.778707	
0.651614	0.958066	0.775669	
0.651020	0.959428	0.775693	
0.652208	0.956711	0.775645	
0.648841	0.962680	0.775201	
0.652208	0.957267	0.775828	
0.601335	0.892298	0.718477	
0.598320	0.885842	0.714231	
0.601981	0.885334	0.716667	
0.595736	0.881453	0.710963	
0.597459	0.885979	0.713661	
0.601766	0.890944	0.718344	
0.600905	0.888818	0.717039	
0.597889	0.889174	0.715003	
0.594443	0.887460	0.711982	
0.603058	0.887480	0.718133	
0.598535	0.886726	0.714671	
0.597028	0.888746	0.714249	
0.596597	0.887252	0.713458	
0.593366	0.887564	0.711243	
0.604351	0.891360	0.720318	
0.595736	0.882578	0.711328	
0.603705	0.887025	0.718442	
0.599612	0.888038	0.715865	
0.597028	0.893905	0.715909	
0.601981	0.887583	0.717402	
0.806944	0.766997	0.786464	
0.810417	0.780602	0.795230	
0.806944	0.775183	0.790745	
0.811111	0.772998	0.791596	
0.809722	0.774751	0.791851	
0.813194	0.746335	0.778332	
0.804861	0.760000	0.781788	
0.817361	0.765777	0.790729	
0.810417	0.766251	0.787715	
0.813889	0.764514	0.788429	
0.806944	0.762467	0.784076	
0.808333	0.773936	0.790761	
0.811806	0.770600	0.790666	
0.808333	0.763780	0.785425	
0.811111	0.761905	0.785738	
0.809722	0.769129	0.788904	
0.809722	0.758127	0.783076	
0.806944	0.760969	0.783283	
0.809028	0.769993	0.789028	
0.807639	0.771220	0.789009	
0.705772	0.894345	0.788947	
0.705505	0.898265	0.790301	
0.703902	0.894094	0.787679	
0.700695	0.899794	0.787861	
0.704703	0.900922	0.790823	
0.703634	0.895883	0.788205	
0.702031	0.895060	0.786880	
0.702298	0.894182	0.786709	
0.706307	0.898980	0.791081	
0.706841	0.895699	0.790142	
0.706307	0.897453	0.790489	
0.706040	0.893775	0.788892	
0.704436	0.894166	0.788042	
0.708177	0.899830	0.792583	
0.701497	0.895293	0.786635	
0.707376	0.899117	0.791804	
0.703100	0.895812	0.787842	
0.702565	0.896352	0.787715	
0.706040	0.894381	0.789128	
0.706841	0.892978	0.789081	
0.687838	0.954620	0.799562	
0.683369	0.954650	0.796545	
0.685251	0.954143	0.797645	
0.686191	0.955767	0.798850	
0.686427	0.953595	0.798249	
0.684074	0.952818	0.796385	
0.685251	0.954769	0.797864	
0.688544	0.954976	0.800164	
0.681487	0.953902	0.795005	
0.683839	0.955936	0.797312	
0.684310	0.954083	0.796986	
0.685251	0.953519	0.797427	
0.684780	0.955052	0.797644	
0.687132	0.953640	0.798742	
0.685721	0.953549	0.797756	
0.685251	0.956022	0.798301	
0.689955	0.955063	0.801147	
0.686427	0.952661	0.797922	
0.683604	0.956236	0.797257	
0.689014	0.954383	0.800273	
0.745229	0.861080	0.798977	
0.748092	0.874025	0.806170	
0.735687	0.850055	0.788747	
0.741412	0.863333	0.797741	
0.740458	0.874859	0.802067	
0.742366	0.877114	0.804134	
0.745229	0.864895	0.800615	
0.739504	0.862069	0.796097	
0.747137	0.870000	0.803901	
0.734733	0.866142	0.795044	
0.746183	0.862183	0.800000	
0.750000	0.849730	0.796756	
0.744275	0.856202	0.796325	
0.746183	0.858397	0.798367	
0.748092	0.869180	0.804103	
0.741412	0.858564	0.795699	
0.737595	0.856035	0.792414	
0.737595	0.857936	0.793227	
0.742366	0.875141	0.803304	
0.742366	0.857773	0.795908	
0.813936	0.745965	0.778469	
0.807810	0.727586	0.765602	
0.812404	0.749823	0.779860	
0.810873	0.761871	0.785608	
0.807810	0.733658	0.768950	
0.816998	0.731824	0.772069	
0.810873	0.744726	0.776393	
0.820061	0.742204	0.779192	
0.805513	0.741890	0.772394	
0.806279	0.742072	0.772844	
0.817764	0.744770	0.779562	
0.818530	0.749649	0.782577	
0.816998	0.737388	0.775154	
0.800919	0.737659	0.767988	
0.804747	0.737544	0.769681	
0.809342	0.758794	0.783253	
0.813170	0.757489	0.784343	
0.810107	0.739343	0.773109	
0.813170	0.735457	0.772364	
0.813936	0.740767	0.775629	
0.707723	0.891024	0.783468	
